   0.0000000000000000        9.8100004196166992     
   0.0000000000000000       -9.8100004196166992     
   1.0000000000000000E-002  -9.8099186909908660     
   2.0000000000000000E-002  -9.8096735105604491     
   2.9999999999999999E-002  -9.8092648946659242     
   4.0000000000000001E-002  -9.8086928705388434     
   5.0000000000000003E-002  -9.8079574762979842     
   6.0000000000000005E-002  -9.8070587609439475     
   7.0000000000000007E-002  -9.8059967843522244     
   8.0000000000000002E-002  -9.8047716172647128     
   8.9999999999999997E-002  -9.8033833412797158     
   9.9999999999999992E-002  -9.8018320488403887     
  0.10999999999999999       -9.8001178432216687     
  0.11999999999999998       -9.7982408385156621     
  0.12999999999999998       -9.7962011596155261     
  0.13999999999999999       -9.7939989421978151     
  0.14999999999999999       -9.7916343327033140     
  0.16000000000000000       -9.7891074883163665     
  0.17000000000000001       -9.7864185769426904     
  0.18000000000000002       -9.7835677771856968     
  0.19000000000000003       -9.7805552783213070     
  0.20000000000000004       -9.7773812802712925     
  0.21000000000000005       -9.7740459935751147     
  0.22000000000000006       -9.7705496393603042     
  0.23000000000000007       -9.7668924493113689     
  0.24000000000000007       -9.7630746656372303     
  0.25000000000000006       -9.7590965410372146     
  0.26000000000000006       -9.7549583386656042     
  0.27000000000000007       -9.7506603320947374     
  0.28000000000000008       -9.7462028052766954     
  0.29000000000000009       -9.7415860525035551     
  0.30000000000000010       -9.7368103783662487     
  0.31000000000000011       -9.7318760977120160     
  0.32000000000000012       -9.7267835356004593     
  0.33000000000000013       -9.7215330272582392     
  0.34000000000000014       -9.7161249180323850     
  0.35000000000000014       -9.7105595633422546     
  0.36000000000000015       -9.7048373286301501     
  0.37000000000000016       -9.6989585893105978     
  0.38000000000000017       -9.6929237307183094     
  0.39000000000000018       -9.6867331480548273     
  0.40000000000000019       -9.6803872463338791     
  0.41000000000000020       -9.6738864403254503     
  0.42000000000000021       -9.6672311544985767     
  0.43000000000000022       -9.6604218229628884     
  0.44000000000000022       -9.6534588894089044     
  0.45000000000000023       -9.6463428070471036     
  0.46000000000000024       -9.6390740385457754     
  0.47000000000000025       -9.6316530559676661     
  0.48000000000000026       -9.6240803407054525     
  0.49000000000000027       -9.6163563834160311     
  0.50000000000000022       -9.6084816839536575     
  0.51000000000000023       -9.6004567513019410     
  0.52000000000000024       -9.5922821035047203     
  0.53000000000000025       -9.5839582675958255     
  0.54000000000000026       -9.5754857795277548     
  0.55000000000000027       -9.5668651840992602     
  0.56000000000000028       -9.5580970348818894     
  0.57000000000000028       -9.5491818941454785     
  0.58000000000000029       -9.5401203327826103     
  0.59000000000000030       -9.5309129302320841     
  0.60000000000000031       -9.5215602744013665     
  0.61000000000000032       -9.5120629615880947     
  0.62000000000000033       -9.5024215964006089     
  0.63000000000000034       -9.4926367916775440     
  0.64000000000000035       -9.4827091684065135     
  0.65000000000000036       -9.4726393556418742     
  0.66000000000000036       -9.4624279904216255     
  0.67000000000000037       -9.4520757176834280     
  0.68000000000000038       -9.4415831901797826     
  0.69000000000000039       -9.4309510683923765     
  0.70000000000000040       -9.4201800204456312     
  0.71000000000000041       -9.4092707220194409     
  0.72000000000000042       -9.3982238562611577     
  0.73000000000000043       -9.3870401136968198     
  0.74000000000000044       -9.3757201921416353     
  0.75000000000000044       -9.3642647966097705     
  0.76000000000000045       -9.3526746392234283     
  0.77000000000000046       -9.3409504391212668     
  0.78000000000000047       -9.3290929223661525     
  0.79000000000000048       -9.3171028218522736     
  0.80000000000000049       -9.3049808772116638     
  0.81000000000000050       -9.2927278347200915     
  0.82000000000000051       -9.2803444472024097     
  0.83000000000000052       -9.2678314739373295     
  0.84000000000000052       -9.2551896805616565     
  0.85000000000000053       -9.2424198389740315     
  0.86000000000000054       -9.2295227272381446     
  0.87000000000000055       -9.2164991294855056     
  0.88000000000000056       -9.2033498358177326     
  0.89000000000000057       -9.1900756422084200     
  0.90000000000000058       -9.1766773504045798     
  0.91000000000000059       -9.1631557678277051     
  0.92000000000000060       -9.1495117074744314     
  0.93000000000000060       -9.1357459878168648     
  0.94000000000000061       -9.1218594327025695     
  0.95000000000000062       -9.1078528712542255     
  0.96000000000000063       -9.0937271377690081     
  0.97000000000000064       -9.0794830716176858     
  0.98000000000000065       -9.0651215171434547     
  0.99000000000000066       -9.0506433235605428     
   1.0000000000000007       -9.0360493448526071     
   1.0100000000000007       -9.0213404396709063     
   1.0200000000000007       -9.0065174712323302     
   1.0300000000000007       -8.9915813072172401     
   1.0400000000000007       -8.9765328196671987     
   1.0500000000000007       -8.9613728848825556     
   1.0600000000000007       -8.9461023833199480     
   1.0700000000000007       -8.9307221994897237     
   1.0800000000000007       -8.9152332218532884     
   1.0900000000000007       -8.8996363427204166     
   1.1000000000000008       -8.8839324581465515     
   1.1100000000000008       -8.8681224678300783     
   1.1200000000000008       -8.8522072750096275     
   1.1300000000000008       -8.8361877863614016     
   1.1400000000000008       -8.8200649118965586     
   1.1500000000000008       -8.8038395648586611     
   1.1600000000000008       -8.7875126616212107     
   1.1700000000000008       -8.7710851215852941     
   1.1800000000000008       -8.7545578670773381     
   1.1900000000000008       -8.7379318232470311     
   1.2000000000000008       -8.7212079179653710     
   1.2100000000000009       -8.7043870817229134     
   1.2200000000000009       -8.6874702475281982     
   1.2300000000000009       -8.6704583508063973     
   1.2400000000000009       -8.6533523292981780     
   1.2500000000000009       -8.6361531229588149     
   1.2600000000000009       -8.6188616738575679     
   1.2700000000000009       -8.6014789260773252     
   1.2800000000000009       -8.5840058256145451     
   1.2900000000000009       -8.5664433202795127     
   1.3000000000000009       -8.5487923595969040     
   1.3100000000000009       -8.5310538947067087     
   1.3200000000000010       -8.5132288782655010     
   1.3300000000000010       -8.4953182643480734     
   1.3400000000000010       -8.4773230083494742     
   1.3500000000000010       -8.4592440668874289     
   1.3600000000000010       -8.4410823977051841     
   1.3700000000000010       -8.4228389595747846     
   1.3800000000000010       -8.4045147122007897     
   1.3900000000000010       -8.3861106161244496     
   1.4000000000000010       -8.3676276326283503     
   1.4100000000000010       -8.3490667236415508     
   1.4200000000000010       -8.3304288516452161     
   1.4300000000000010       -8.3117149795787579     
   1.4400000000000011       -8.2929260707465051     
   1.4500000000000011       -8.2740630887249171     
   1.4600000000000011       -8.2551269972703363     
   1.4700000000000011       -8.2361187602273063     
   1.4800000000000011       -8.2170393414374736     
   1.4900000000000011       -8.1978897046490662     
   1.5000000000000011       -8.1786708134269706     
   1.5100000000000011       -8.1593836310634220     
   1.5200000000000011       -8.1400291204893112     
   1.5300000000000011       -8.1206082441861369     
   1.5400000000000011       -8.1011219640985672     
   1.5500000000000012       -8.0815712415476959     
   1.5600000000000012       -8.0619570371449285     
   1.5700000000000012       -8.0422803107065501     
   1.5800000000000012       -8.0225420211689862     
   1.5900000000000012       -8.0027431265047397     
   1.6000000000000012       -7.9828845836390432     
   1.6100000000000012       -7.9629673483672061     
   1.6200000000000012       -7.9429923752726923     
   1.6300000000000012       -7.9229606176459235     
   1.6400000000000012       -7.9028730274038104     
   1.6500000000000012       -7.8827305550100348     
   1.6600000000000013       -7.8625341493960859     
   1.6700000000000013       -7.8422847578830392     
   1.6800000000000013       -7.8219833261041281     
   1.6900000000000013       -7.8016307979280626     
   1.7000000000000013       -7.7812281153831417     
   1.7100000000000013       -7.7607762185821558     
   1.7200000000000013       -7.7402760456480708     
   1.7300000000000013       -7.7197285326405227     
   1.7400000000000013       -7.6991346134831087     
   1.7500000000000013       -7.6784952198914969     
   1.7600000000000013       -7.6578112813023438     
   1.7700000000000014       -7.6370837248030483     
   1.7800000000000014       -7.6163134750623112     
   1.7900000000000014       -7.5955014542615489     
   1.8000000000000014       -7.5746485820271179     
   1.8100000000000014       -7.5537557753634079     
   1.8200000000000014       -7.5328239485867581     
   1.8300000000000014       -7.5118540132602281     
   1.8400000000000014       -7.4908468781292221     
   1.8500000000000014       -7.4698034490579674     
   1.8600000000000014       -7.4487246289668523     
   1.8700000000000014       -7.4276113177706247     
   1.8800000000000014       -7.4064644123174546     
   1.8900000000000015       -7.3852848063288619     
   1.9000000000000015       -7.3640733903405131     
   1.9100000000000015       -7.3428310516439002     
   1.9200000000000015       -7.3215586742288732     
   1.9300000000000015       -7.3002571387270656     
   1.9400000000000015       -7.2789273223561803     
   1.9500000000000015       -7.2575700988651777     
   1.9600000000000015       -7.2361863384802962     
   1.9700000000000015       -7.2147769078520199     
   1.9800000000000015       -7.1933426700028571     
   1.9900000000000015       -7.1718844842760525     
   2.0000000000000013       -7.1504032062851444     
   2.0100000000000011       -7.1288996878644300     
   2.0200000000000009       -7.1073747770202935     
   2.0300000000000007       -7.0858293178834213     
   2.0400000000000005       -7.0642641506619022     
   2.0500000000000003       -7.0426801115951996     
   2.0600000000000001       -7.0210780329090063     
   2.0699999999999998       -6.9994587427709796     
   2.0799999999999996       -6.9778230652473470     
   2.0899999999999994       -6.9561718202603933     
   2.0999999999999992       -6.9345058235468198     
   2.1099999999999990       -6.9128258866169769     
   2.1199999999999988       -6.8911328167149568     
   2.1299999999999986       -6.8694274167795779     
   2.1399999999999983       -6.8477104854062087     
   2.1499999999999981       -6.8259828168094732     
   2.1599999999999979       -6.8042452007868173     
   2.1699999999999977       -6.7824984226829130     
   2.1799999999999975       -6.7607432633549553     
   2.1899999999999973       -6.7389804991387798     
   2.1999999999999971       -6.7172109018158448     
   2.2099999999999969       -6.6954352385810578     
   2.2199999999999966       -6.6736542720114418     
   2.2299999999999964       -6.6518687600356587     
   2.2399999999999962       -6.6300794559043368     
   2.2499999999999960       -6.6082871081612602     
   2.2599999999999958       -6.5864924606153794     
   2.2699999999999956       -6.5646962523136345     
   2.2799999999999954       -6.5428992175146110     
   2.2899999999999952       -6.5211020856630162     
   2.2999999999999949       -6.4993055813649434     
   2.3099999999999947       -6.4775104243639792     
   2.3199999999999945       -6.4557173295180759     
   2.3299999999999943       -6.4339270067772611     
   2.3399999999999941       -6.4121401611620996     
   2.3499999999999939       -6.3903574927429734     
   2.3599999999999937       -6.3685796966201362     
   2.3699999999999934       -6.3468074629045468     
   2.3799999999999932       -6.3250414766994618     
   2.3899999999999930       -6.3032824180828229     
   2.3999999999999928       -6.2815309620903790     
   2.4099999999999926       -6.2597877786995859     
   2.4199999999999924       -6.2380535328142432     
   2.4299999999999922       -6.2163288842498794     
   2.4399999999999920       -6.1946144877198837     
   2.4499999999999917       -6.1729109928223664     
   2.4599999999999915       -6.1512190440277372     
   2.4699999999999913       -6.1295392806670321     
   2.4799999999999911       -6.1078723369209191     
   2.4899999999999909       -6.0862188418094494     
   2.4999999999999907       -6.0645794191824880     
   2.5099999999999905       -6.0429546877108535     
   2.5199999999999902       -6.0213452608781353     
   2.5299999999999900       -5.9997517469732244     
   2.5399999999999898       -5.9781747490834700     
   2.5499999999999896       -5.9566148650885786     
   2.5599999999999894       -5.9350726876551061     
   2.5699999999999892       -5.9135488042316569     
   2.5799999999999890       -5.8920437970447175     
   2.5899999999999888       -5.8705582430951342     
   2.5999999999999885       -5.8490927141552316     
   2.6099999999999883       -5.8276477767665646     
   2.6199999999999881       -5.8062239922382952     
   2.6299999999999879       -5.7848219166461661     
   2.6399999999999877       -5.7634421008321333     
   2.6499999999999875       -5.7420850904045464     
   2.6599999999999873       -5.7207514257389729     
   2.6699999999999871       -5.6994416419795710     
   2.6799999999999868       -5.6781562690410921     
   2.6899999999999866       -5.6568958316114077     
   2.6999999999999864       -5.6356608491546494     
   2.7099999999999862       -5.6144518359148883     
   2.7199999999999860       -5.5932693009203698     
   2.7299999999999858       -5.5721137479883067     
   2.7399999999999856       -5.5509856757301970     
   2.7499999999999853       -5.5298855775576978     
   2.7599999999999851       -5.5088139416889916     
   2.7699999999999849       -5.4877712511557242     
   2.7799999999999847       -5.4667579838103881     
   2.7899999999999845       -5.4457746123342705     
   2.7999999999999843       -5.4248216042458672     
   2.8099999999999841       -5.4038994219097862     
   2.8199999999999839       -5.3830085225461559     
   2.8299999999999836       -5.3621493582404938     
   2.8399999999999834       -5.3413223759540385     
   2.8499999999999832       -5.3205280175345591     
   2.8599999999999830       -5.2997667197276179     
   2.8699999999999828       -5.2790389141882681     
   2.8799999999999826       -5.2583450274932000     
   2.8899999999999824       -5.2376854811533340     
   2.8999999999999821       -5.2170606916268074     
   2.9099999999999819       -5.1964710703324135     
   2.9199999999999817       -5.1759170236634402     
   2.9299999999999815       -5.1553989530019102     
   2.9399999999999813       -5.1349172547332218     
   2.9499999999999811       -5.1144723202611928     
   2.9599999999999809       -5.0940645360234607     
   2.9699999999999807       -5.0736942835072920     
   2.9799999999999804       -5.0533619392657529     
   2.9899999999999802       -5.0330678749342255     
   2.9999999999999800       -5.0128124572472981     
   3.0099999999999798       -4.9925960480560123     
   3.0199999999999796       -4.9724190043454319     
   3.0299999999999794       -4.9522816782525592     
   3.0399999999999792       -4.9321844170845903     
   3.0499999999999790       -4.9121275633374690     
   3.0599999999999787       -4.8921114547147972     
   3.0699999999999785       -4.8721364241469978     
   3.0799999999999783       -4.8522027998108346     
   3.0899999999999781       -4.8323109051492059     
   3.0999999999999779       -4.8124610588912118     
   3.1099999999999777       -4.7926535750725412     
   3.1199999999999775       -4.7728887630561072     
   3.1299999999999772       -4.7531669275529538     
   3.1399999999999770       -4.7334883686434592     
   3.1499999999999768       -4.7138533817987458     
   3.1599999999999766       -4.6942622579023903     
   3.1699999999999764       -4.6747152832723371     
   3.1799999999999762       -4.6552127396830958     
   3.1899999999999760       -4.6357549043881185     
   3.1999999999999758       -4.6163420501424630     
   3.2099999999999755       -4.5969744452256167     
   3.2199999999999753       -4.5776523534645923     
   3.2299999999999751       -4.5583760342571837     
   3.2399999999999749       -4.5391457425954620     
   3.2499999999999747       -4.5199617290894301     
   3.2599999999999745       -4.5008242399909211     
   3.2699999999999743       -4.4817335172176325     
   3.2799999999999740       -4.4626897983773590     
   3.2899999999999738       -4.4436933167924106     
   3.2999999999999736       -4.4247443015241723     
   3.3099999999999734       -4.4058429773978594     
   3.3199999999999732       -4.3869895650274087     
   3.3299999999999730       -4.3681842808405227     
   3.3399999999999728       -4.3494273371038554     
   3.3499999999999726       -4.3307189419483629     
   3.3599999999999723       -4.3120592993947797     
   3.3699999999999721       -4.2934486093791886     
   3.3799999999999719       -4.2748870677787831     
   3.3899999999999717       -4.2563748664376932     
   3.3999999999999715       -4.2379121931929582     
   3.4099999999999713       -4.2194992319005884     
   3.4199999999999711       -4.2011361624617489     
   3.4299999999999708       -4.1828231608490460     
   3.4399999999999706       -4.1645603991328706     
   3.4499999999999704       -4.1463480455079109     
   3.4599999999999702       -4.1281862643196394     
   3.4699999999999700       -4.1100752160910066     
   3.4799999999999698       -4.0920150575490881     
   3.4899999999999696       -4.0740059416519099     
   3.4999999999999694       -4.0560480176152698     
   3.5099999999999691       -4.0381414309396453     
   3.5199999999999689       -4.0202863234371771     
   3.5299999999999687       -4.0024828332586608     
   3.5399999999999685       -3.9847310949206500     
   3.5499999999999683       -3.9670312393325533     
   3.5599999999999681       -3.9493833938237879     
   3.5699999999999679       -3.9317876821709872     
   3.5799999999999677       -3.9142442246252127     
   3.5899999999999674       -3.8967531379392257     
   3.5999999999999672       -3.8793145353947587     
   3.6099999999999670       -3.8619285268298125     
   3.6199999999999668       -3.8445952186659920     
   3.6299999999999666       -3.8273147139358192     
   3.6399999999999664       -3.8100871123100912     
   3.6499999999999662       -3.7929125101252223     
   3.6599999999999659       -3.7757910004105941     
   3.6699999999999657       -3.7587226729159013     
   3.6799999999999655       -3.7417076141385035     
   3.6899999999999653       -3.7247459073507594     
   3.6999999999999651       -3.7078376326273483     
   3.7099999999999649       -3.6909828668725790     
   3.7199999999999647       -3.6741816838476877     
   3.7299999999999645       -3.6574341541980981     
   3.7399999999999642       -3.6407403454806699     
   3.7499999999999640       -3.6241003221909178     
   3.7599999999999638       -3.6075141457901951     
   3.7699999999999636       -3.5909818747328437     
   3.7799999999999634       -3.5745035644933054     
   3.7899999999999632       -3.5580792675932020     
   3.7999999999999630       -3.5417090336283605     
   3.8099999999999627       -3.5253929092958050     
   3.8199999999999625       -3.5091309384206824     
   3.8299999999999623       -3.4929231619831524     
   3.8399999999999621       -3.4767696181452239     
   3.8499999999999619       -3.4606703422775249     
   3.8599999999999617       -3.4446253669860090     
   3.8699999999999615       -3.4286347221386189     
   3.8799999999999613       -3.4126984348918743     
   3.8899999999999610       -3.3968165297173911     
   3.8999999999999608       -3.3809890284283242     
   3.9099999999999606       -3.3652159502057666     
   3.9199999999999604       -3.3494973116250479     
   3.9299999999999602       -3.3338331266819603     
   3.9399999999999600       -3.3182234068189160     
   3.9499999999999598       -3.3026681609510247     
   3.9599999999999596       -3.2871673954920722     
   3.9699999999999593       -3.2717211143804352     
   3.9799999999999591       -3.2563293191048990     
   3.9899999999999589       -3.2409920087303750     
   3.9999999999999587       -3.2257091799235571     
   4.0099999999999589       -3.2104808269784568     
   4.0199999999999587       -3.1953069418418654     
   4.0299999999999585       -3.1801875141387006     
   4.0399999999999583       -3.1651225311972704     
   4.0499999999999581       -3.1501119780744338     
   4.0599999999999579       -3.1351558375806539     
   4.0699999999999577       -3.1202540903049609     
   4.0799999999999574       -3.1054067146397877     
   4.0899999999999572       -3.0906136868057379     
   4.0999999999999570       -3.0758749808762049     
   4.1099999999999568       -3.0611905688019023     
   4.1199999999999566       -3.0465604204352923     
   4.1299999999999564       -3.0319845035548791     
   4.1399999999999562       -3.0174627838894148     
   4.1499999999999559       -3.0029952251419694     
   4.1599999999999557       -2.9885817890138950     
   4.1699999999999555       -2.9742224352286781     
   4.1799999999999553       -2.9599171215556641     
   4.1899999999999551       -2.9456658038336636     
   4.1999999999999549       -2.9314684359944456     
   4.2099999999999547       -2.9173249700861090     
   4.2199999999999545       -2.9032353562963156     
   4.2299999999999542       -2.8891995429754207     
   4.2399999999999540       -2.8752174766594694     
   4.2499999999999538       -2.8612891020930622     
   4.2599999999999536       -2.8474143622521160     
   4.2699999999999534       -2.8335931983664588     
   4.2799999999999532       -2.8198255499423395     
   4.2899999999999530       -2.8061113547847789     
   4.2999999999999527       -2.7924505490198070     
   4.3099999999999525       -2.7788430671165596     
   4.3199999999999523       -2.7652888419092516     
   4.3299999999999521       -2.7517878046190178     
   4.3399999999999519       -2.7383398848756118     
   4.3499999999999517       -2.7249450107389821     
   4.3599999999999515       -2.7116031087207189     
   4.3699999999999513       -2.6983141038053491     
   4.3799999999999510       -2.6850779194715120     
   4.3899999999999508       -2.6718944777129900     
   4.3999999999999506       -2.6587636990596151     
   4.4099999999999504       -2.6456855025980293     
   4.4199999999999502       -2.6326598059923052     
   4.4299999999999500       -2.6196865255044477     
   4.4399999999999498       -2.6067655760147357     
   4.4499999999999496       -2.5938968710419443     
   4.4599999999999493       -2.5810803227634151     
   4.4699999999999491       -2.5683158420350001     
   4.4799999999999489       -2.5556033384108572     
   4.4899999999999487       -2.5429427201631150     
   4.4999999999999485       -2.5303338943013882     
   4.5099999999999483       -2.5177767665921733     
   4.5199999999999481       -2.5052712415780709     
   4.5299999999999478       -2.4928172225969174     
   4.5399999999999476       -2.4804146118007155     
   4.5499999999999474       -2.4680633101744851     
   4.5599999999999472       -2.4557632175549404     
   4.5699999999999470       -2.4435142326490240     
   4.5799999999999468       -2.4313162530523247     
   4.5899999999999466       -2.4191691752673359     
   4.5999999999999464       -2.4070728947215718     
   4.6099999999999461       -2.3950273057855682     
   4.6199999999999459       -2.3830323017907133     
   4.6299999999999457       -2.3710877750469548     
   4.6399999999999455       -2.3591936168603693     
   4.6499999999999453       -2.3473497175505784     
   4.6599999999999451       -2.3355559664680348     
   4.6699999999999449       -2.3238122520111846     
   4.6799999999999446       -2.3121184616434451     
   4.6899999999999444       -2.3004744819100935     
   4.6999999999999442       -2.2888801984549811     
   4.7099999999999440       -2.2773354960371410     
   4.7199999999999438       -2.2658402585472057     
   4.7299999999999436       -2.2543943690237560     
   4.7399999999999434       -2.2429977096694671     
   4.7499999999999432       -2.2316501618671643     
   4.7599999999999429       -2.2203516061957043     
   4.7699999999999427       -2.2091019224457424     
   4.7799999999999425       -2.1979009896353627     
   4.7899999999999423       -2.1867486860255596     
   4.7999999999999421       -2.1756448891355857     
   4.8099999999999419       -2.1645894757581710     
   4.8199999999999417       -2.1535823219746035     
   4.8299999999999415       -2.1426233031696675     
   4.8399999999999412       -2.1317122940464577     
   4.8499999999999410       -2.1208491686410431     
   4.8599999999999408       -2.1100338003370300     
   4.8699999999999406       -2.0992660618799412     
   4.8799999999999404       -2.0885458253915061     
   4.8899999999999402       -2.0778729623837906     
   4.8999999999999400       -2.0672473437732206     
   4.9099999999999397       -2.0566688398944422     
   4.9199999999999395       -2.0461373205140694     
   4.9299999999999393       -2.0356526548443066     
   4.9399999999999391       -2.0252147115564245     
   4.9499999999999389       -2.0148233587941071     
   4.9599999999999387       -2.0044784641866906     
   4.9699999999999385       -1.9941798948622438     
   4.9799999999999383       -1.9839275174605415     
   4.9899999999999380       -1.9737211981458991     
   4.9999999999999378       -1.9635608026198890     
   5.0099999999999376       -1.9534461961339193     
   5.0199999999999374       -1.9433772435016889     
   5.0299999999999372       -1.9333538091115301     
   5.0399999999999370       -1.9233757569386025     
   5.0499999999999368       -1.9134429505569868     
   5.0599999999999365       -1.9035552531516338     
   5.0699999999999363       -1.8937125275302051     
   5.0799999999999361       -1.8839146361347847     
   5.0899999999999359       -1.8741614410534702     
   5.0999999999999357       -1.8644528040318349     
   5.1099999999999355       -1.8547885864842772     
   5.1199999999999353       -1.8451686495052586     
   5.1299999999999351       -1.8355928538803994     
   5.1399999999999348       -1.8260610600974649     
   5.1499999999999346       -1.8165731283572475     
   5.1599999999999344       -1.8071289185843131     
   5.1699999999999342       -1.7977282904376288     
   5.1799999999999340       -1.7883711033210989     
