   0.0000000000000000       -9.8100004196166992     
   1.0000000000000000E-002  -9.8099186905369340     
   2.0000000000000000E-002  -9.8096735060212392     
   2.9999999999999999E-002  -9.8092648783255765     
   4.0000000000000001E-002  -9.8086928305987531     
   5.0000000000000003E-002  -9.8079573968795888     
   6.0000000000000005E-002  -9.8070586220925264     
   7.0000000000000007E-002  -9.8059965620417273     
   8.0000000000000002E-002  -9.8047712834035998     
   8.9999999999999997E-002  -9.8033828637178129     
   9.9999999999999992E-002  -9.8018313913767514     
  0.10999999999999999       -9.8001169656134639     
  0.11999999999999998       -9.7982396964880554     
  0.12999999999999998       -9.7961997048725635     
  0.13999999999999999       -9.7939971224343179     
  0.14999999999999999       -9.7916320916177639     
  0.16000000000000000       -9.7891047656247885     
  0.17000000000000001       -9.7864153083935133     
  0.18000000000000002       -9.7835638945756092     
  0.19000000000000003       -9.7805507095120809     
  0.20000000000000004       -9.7773759492075882     
  0.21000000000000005       -9.7740398203032495     
  0.22000000000000006       -9.7705425400479804     
  0.23000000000000007       -9.7668843362683546     
  0.24000000000000007       -9.7630654473369969     
  0.25000000000000006       -9.7590861221395091     
  0.26000000000000006       -9.7549466200399522     
  0.27000000000000007       -9.7506472108448783     
  0.28000000000000008       -9.7461881747659298     
  0.29000000000000009       -9.7415698023810151     
  0.30000000000000010       -9.7367923945940547     
  0.31000000000000011       -9.7318562625933325     
  0.32000000000000012       -9.7267617278084373     
  0.33000000000000013       -9.7215091218658340     
  0.34000000000000014       -9.7160987865430304     
  0.35000000000000014       -9.7105310737214054     
  0.36000000000000015       -9.7048063453376603     
  0.37000000000000016       -9.6989249733339413     
  0.38000000000000017       -9.6928873396066191     
  0.39000000000000018       -9.6866938359537524     
  0.40000000000000019       -9.6803448640212437     
  0.41000000000000020       -9.6738408352477006     
  0.42000000000000021       -9.6671821708080170     
  0.43000000000000022       -9.6603693015556757     
  0.44000000000000022       -9.6534026679638050     
  0.45000000000000023       -9.6462827200649919     
  0.46000000000000024       -9.6390099173898633     
  0.47000000000000025       -9.6315847289044605     
  0.48000000000000026       -9.6240076329464053     
  0.49000000000000027       -9.6162791171598911     
  0.50000000000000022       -9.6083996784295014     
  0.51000000000000023       -9.6003698228128709     
  0.52000000000000024       -9.5921900654722148     
  0.53000000000000025       -9.5838609306047324     
  0.54000000000000026       -9.5753829513719033     
  0.55000000000000027       -9.5667566698276936     
  0.56000000000000028       -9.5579826368456828     
  0.57000000000000028       -9.5490614120451554     
  0.58000000000000029       -9.5399935637161182     
  0.59000000000000030       -9.5307796687433193     
  0.60000000000000031       -9.5214203125292531     
  0.61000000000000032       -9.5119160889161751     
  0.62000000000000033       -9.5022676001071460     
  0.63000000000000034       -9.4924754565861225     
  0.64000000000000035       -9.4825402770371117     
  0.65000000000000036       -9.4724626882624126     
  0.66000000000000036       -9.4622433250999496     
  0.67000000000000037       -9.4518828303397289     
  0.68000000000000038       -9.4413818546394381     
  0.69000000000000039       -9.4307410564391905     
  0.70000000000000040       -9.4199611018754528     
  0.71000000000000041       -9.4090426646941676     
  0.72000000000000042       -9.3979864261630794     
  0.73000000000000043       -9.3867930749833022     
  0.74000000000000044       -9.3754633072001319     
  0.75000000000000044       -9.3639978261131347     
  0.76000000000000045       -9.3523973421855207     
  0.77000000000000046       -9.3406625729528265     
  0.78000000000000047       -9.3287942429309343     
  0.79000000000000048       -9.3167930835234305     
  0.80000000000000049       -9.3046598329283370     
  0.81000000000000050       -9.2923952360442339     
  0.82000000000000051       -9.2800000443757806     
  0.83000000000000052       -9.2674750159386807     
  0.84000000000000052       -9.2548209151640766     
  0.85000000000000053       -9.2420385128024254     
  0.86000000000000054       -9.2291285858268548     
  0.87000000000000055       -9.2160919173360405     
  0.88000000000000056       -9.2029292964565865     
  0.89000000000000057       -9.1896415182449829     
  0.90000000000000058       -9.1762293835891118     
  0.91000000000000059       -9.1626936991093473     
  0.92000000000000060       -9.1490352770592693     
  0.93000000000000060       -9.1352549352259906     
  0.94000000000000061       -9.1213534968301584     
  0.95000000000000062       -9.1073317904255937     
  0.96000000000000063       -9.0931906497986486     
  0.97000000000000064       -9.0789309138672447     
  0.98000000000000065       -9.0645534265796623     
  0.99000000000000066       -9.0500590368130691     
   1.0000000000000007       -9.0354485982718113     
   1.0100000000000007       -9.0207229693855044     
   1.0200000000000007       -9.0058830132069261     
   1.0300000000000007       -8.9909295973097283     
   1.0400000000000007       -8.9758635936860127     
   1.0500000000000007       -8.9606858786437620     
   1.0600000000000007       -8.9453973327041592     
   1.0700000000000007       -8.9299988404988078     
   1.0800000000000007       -8.9144912906668861     
   1.0900000000000007       -8.8988755757522338     
   1.1000000000000008       -8.8831525921004157     
   1.1100000000000008       -8.8673232397557484     
   1.1200000000000008       -8.8513884223583403     
   1.1300000000000008       -8.8353490470411487     
   1.1400000000000008       -8.8192060243270696     
   1.1500000000000008       -8.8029602680260908     
   1.1600000000000008       -8.7866126951325114     
   1.1700000000000008       -8.7701642257222581     
   1.1800000000000008       -8.7536157828503107     
   1.1900000000000008       -8.7369682924482586     
   1.2000000000000008       -8.7202226832220013     
   1.2100000000000009       -8.7033798865496088     
   1.2200000000000009       -8.6864408363793686     
   1.2300000000000009       -8.6694064691280364     
   1.2400000000000009       -8.6522777235792780     
   1.2500000000000009       -8.6350555407823819     
   1.2600000000000009       -8.6177408639511839     
   1.2700000000000009       -8.6003346383632788     
   1.2800000000000009       -8.5828378112595143     
   1.2900000000000009       -8.5652513317437684     
   1.3000000000000009       -8.5475761506830583     
   1.3100000000000009       -8.5298132206079664     
   1.3200000000000010       -8.5119634956134274     
   1.3300000000000010       -8.4940279312598541     
   1.3400000000000010       -8.4760074844746658     
   1.3500000000000010       -8.4579031134541918     
   1.3600000000000010       -8.4397157775659792     
   1.3700000000000010       -8.4214464372515394     
   1.3800000000000010       -8.4030960539295165     
   1.3900000000000010       -8.3846655898993028     
   1.4000000000000010       -8.3661560082451292     
   1.4100000000000010       -8.3475682727406362     
   1.4200000000000010       -8.3289033477539132     
   1.4300000000000010       -8.3101621981530709     
   1.4400000000000011       -8.2913457892123184     
   1.4500000000000011       -8.2724550865185655     
   1.4600000000000011       -8.2534910558785857     
   1.4700000000000011       -8.2344546632267175     
   1.4800000000000011       -8.2153468745331431     
   1.4900000000000011       -8.1961686557127518     
   1.5000000000000011       -8.1769209725345888     
   1.5100000000000011       -8.1576047905319058     
   1.5200000000000011       -8.1382210749128365     
   1.5300000000000011       -8.1187707904716913     
   1.5400000000000011       -8.0992549015008883     
   1.5500000000000012       -8.0796743717035433     
   1.5600000000000012       -8.0600301641066991     
   1.5700000000000012       -8.0403232409752423     
   1.5800000000000012       -8.0205545637264883     
   1.5900000000000012       -8.0007250928454532     
   1.6000000000000012       -7.9808357878008334     
   1.6100000000000012       -7.9608876069616841     
   1.6200000000000012       -7.9408815075148080     
   1.6300000000000012       -7.9208184453828849     
   1.6400000000000012       -7.9006993751433203     
   1.6500000000000012       -7.8805252499478415     
   1.6600000000000013       -7.8602970214428414     
   1.6700000000000013       -7.8400156396904785     
   1.6800000000000013       -7.8196820530905491     
   1.6900000000000013       -7.7992972083031162     
   1.7000000000000013       -7.7788620501719361     
   1.7100000000000013       -7.7583775216486561     
   1.7200000000000013       -7.7378445637178093     
   1.7300000000000013       -7.7172641153226165     
   1.7400000000000013       -7.6966371132915761     
   1.7500000000000013       -7.6759644922658854     
   1.7600000000000013       -7.6552471846276564     
   1.7700000000000014       -7.6344861204289760     
   1.7800000000000014       -7.6136822273217728     
   1.7900000000000014       -7.5928364304885374     
   1.8000000000000014       -7.5719496525738546     
   1.8100000000000014       -7.5510228136167985     
   1.8200000000000014       -7.5300568309841651     
   1.8300000000000014       -7.5090526193045495     
   1.8400000000000014       -7.4880110904032868     
   1.8500000000000014       -7.4669331532382444     
   1.8600000000000014       -7.4458197138364692     
   1.8700000000000014       -7.4246716752317150     
   1.8800000000000014       -7.4034899374028162     
   1.8900000000000015       -7.3822753972129469     
   1.9000000000000015       -7.3610289483497402     
   1.9100000000000015       -7.3397514812662941     
   1.9200000000000015       -7.3184438831230416     
   1.9300000000000015       -7.2971070377305018     
   1.9400000000000015       -7.2757418254929167     
   1.9500000000000015       -7.2543491233527622     
   1.9600000000000015       -7.2329298047361474     
   1.9700000000000015       -7.2114847394990882     
   1.9800000000000015       -7.1900147938746759     
   1.9900000000000015       -7.1685208304211212     
   2.0000000000000013       -7.1470037079706934     
   2.0100000000000011       -7.1254642815795375     
   2.0200000000000009       -7.1039034024783732     
   2.0300000000000007       -7.0823219180240962     
   2.0400000000000005       -7.0607206716522422     
   2.0500000000000003       -7.0391005028303564     
   2.0600000000000001       -7.0174622470122348     
   2.0699999999999998       -6.9958067355930451     
   2.0799999999999996       -6.9741347958653463     
   2.0899999999999994       -6.9524472509759692     
   2.0999999999999992       -6.9307449198837929     
   2.1099999999999990       -6.9090286173183859     
   2.1199999999999988       -6.8872991537395354     
   2.1299999999999986       -6.8655573352976367     
   2.1399999999999983       -6.8438039637949721     
   2.1499999999999981       -6.8220398366478445     
   2.1599999999999979       -6.8002657468495817     
   2.1699999999999977       -6.7784824829344164     
   2.1799999999999975       -6.7566908289422134     
   2.1899999999999973       -6.7348915643840632     
   2.1999999999999971       -6.7130854642087368     
   2.2099999999999969       -6.6912732987699819     
   2.2199999999999966       -6.6694558337946823     
   2.2299999999999964       -6.6476338303518512     
   2.2399999999999962       -6.6258080448224792     
   2.2499999999999960       -6.6039792288702124     
   2.2599999999999958       -6.5821481294128716     
   2.2699999999999956       -6.5603154885947967     
   2.2799999999999954       -6.5384820437600286     
   2.2899999999999952       -6.5166485274263053     
   2.2999999999999949       -6.4948156672598749     
   2.3099999999999947       -6.4729841860511419     
   2.3199999999999945       -6.4511548016910929     
   2.3299999999999943       -6.4293282271485541     
   2.3399999999999941       -6.4075051704482355     
   2.3499999999999939       -6.3856863346495754     
   2.3599999999999937       -6.3638724178263715     
   2.3699999999999934       -6.3420641130472015     
   2.3799999999999932       -6.3202621083566246     
   2.3899999999999930       -6.2984670867571459     
   2.3999999999999928       -6.2766797261919729     
   2.4099999999999926       -6.2549006995285144     
   2.4199999999999924       -6.2331306745426405     
   2.4299999999999922       -6.2113703139037160     
   2.4399999999999920       -6.1896202751603546     
   2.4499999999999917       -6.1678812107269216     
   2.4599999999999915       -6.1461537678707874     
   2.4699999999999913       -6.1244385887002899     
   2.4799999999999911       -6.1027363101534249     
   2.4899999999999909       -6.0810475639872639     
   2.4999999999999907       -6.0593729767680742     
   2.5099999999999905       -6.0377131698621378     
   2.5199999999999902       -6.0160687594272861     
   2.5299999999999900       -5.9944403564051072     
   2.5399999999999898       -5.9728285665138490     
   2.5499999999999896       -5.9512339902419980     
   2.5599999999999894       -5.9296572228425379     
   2.5699999999999892       -5.9080988543278563     
   2.5799999999999890       -5.8865594694653316     
   2.5899999999999888       -5.8650396477735569     
   2.5999999999999885       -5.8435399635192118     
   2.6099999999999883       -5.8220609857145789     
   2.6199999999999881       -5.8006032781156929     
   2.6299999999999879       -5.7791673992210999     
   2.6399999999999877       -5.7577539022712534     
   2.6499999999999875       -5.7363633352485071     
   2.6599999999999873       -5.7149962408777268     
   2.6699999999999871       -5.6936531566274811     
   2.6799999999999868       -5.6723346147118354     
   2.6899999999999866       -5.6510411420927236     
   2.6999999999999864       -5.6297732604829047     
   2.7099999999999862       -5.6085314863494640     
   2.7199999999999860       -5.5873163309179112     
   2.7299999999999858       -5.5661283001768034     
   2.7399999999999856       -5.5449678948829284     
   2.7499999999999853       -5.5238356105670272     
   2.7599999999999851       -5.5027319375400481     
   2.7699999999999849       -5.4816573608999297     
   2.7799999999999847       -5.4606123605388941     
   2.7899999999999845       -5.4395974111512668     
   2.7999999999999843       -5.4186129822417817     
   2.8099999999999841       -5.3976595381343984     
   2.8199999999999839       -5.3767375379816054     
   2.8299999999999836       -5.3558474357741996     
   2.8399999999999834       -5.3349896803515504     
   2.8499999999999832       -5.3141647154123257     
   2.8599999999999830       -5.2933729795256825     
   2.8699999999999828       -5.2726149061429064     
   2.8799999999999826       -5.2518909236095084     
   2.8899999999999824       -5.2312014551777430     
   2.8999999999999821       -5.2105469190195848     
   2.9099999999999819       -5.1899277282401020     
   2.9199999999999817       -5.1693442908912690     
   2.9299999999999815       -5.1487970099861800     
   2.9399999999999813       -5.1282862835136704     
   2.9499999999999811       -5.1078125044533342     
   2.9599999999999809       -5.0873760607909295     
   2.9699999999999807       -5.0669773355341707     
   2.9799999999999804       -5.0466167067288907     
   2.9899999999999802       -5.0262945474755805     
   2.9999999999999800       -5.0060112259462830     
   3.0099999999999798       -4.9857671054018455     
   3.0199999999999796       -4.9655625442095204     
   3.0299999999999794       -4.9453978958609062     
   3.0399999999999792       -4.9252735089902231     
   3.0499999999999790       -4.9051897273929201     
   3.0599999999999787       -4.8851468900445960     
   3.0699999999999785       -4.8651453311202379     
   3.0799999999999783       -4.8451853800137750     
   3.0899999999999781       -4.8252673613579171     
   3.0999999999999779       -4.8053915950443056     
   3.1099999999999777       -4.7855583962439354     
   3.1199999999999775       -4.7657680754278742     
   3.1299999999999772       -4.7460209383882441     
   3.1399999999999770       -4.7263172862594711     
   3.1499999999999768       -4.7066574155398149     
   3.1599999999999766       -4.6870416181131320     
   3.1699999999999764       -4.6674701812708959     
   3.1799999999999762       -4.6479433877344647     
   3.1899999999999760       -4.6284615156775821     
   3.1999999999999758       -4.6090248387491108     
   3.2099999999999755       -4.5896336260959822     
   3.2199999999999753       -4.5702881423863770     
   3.2299999999999751       -4.5509886478331136     
   3.2399999999999749       -4.5317353982172337     
   3.2499999999999747       -4.5125286449118045     
   3.2599999999999745       -4.4933686349059014     
   3.2699999999999743       -4.4742556108287861     
   3.2799999999999740       -4.4551898109742663     
   3.2899999999999738       -4.4361714693252345     
   3.2999999999999736       -4.4172008155783722     
   3.3099999999999734       -4.3982780751690287     
   3.3199999999999732       -4.3794034692962533     
   3.3299999999999730       -4.3605772149479831     
   3.3399999999999728       -4.3417995249263823     
   3.3499999999999726       -4.3230706078733245     
   3.3599999999999723       -4.3043906682960120     
   3.3699999999999721       -4.2857599065927321     
   3.3799999999999719       -4.2671785190787350     
   3.3899999999999717       -4.2486466980122373     
   3.3999999999999715       -4.2301646316205481     
   3.4099999999999713       -4.2117325041262985     
   3.4199999999999711       -4.1933504957737799     
   3.4299999999999708       -4.1750187828553971     
   3.4399999999999706       -4.1567375377381977     
   3.4499999999999704       -4.1385069288905134     
   3.4599999999999702       -4.1203271209086765     
   3.4699999999999700       -4.1021982745438272     
   3.4799999999999698       -4.0841205467287924     
   3.4899999999999696       -4.0660940906050405     
   3.4999999999999694       -4.0481190555497113     
   3.5099999999999691       -4.0301955872026989     
   3.5199999999999689       -4.0123238274938045     
   3.5299999999999687       -3.9945039146699397     
   3.5399999999999685       -3.9767359833223814     
   3.5499999999999683       -3.9590201644140741     
   3.5599999999999681       -3.9413565853069770     
   3.5699999999999679       -3.9237453697894429     
   3.5799999999999677       -3.9061866381036436     
   3.5899999999999674       -3.8886805069730066     
   3.5999999999999672       -3.8712270896297012     
   3.6099999999999670       -3.8538264958421218     
   3.6199999999999668       -3.8364788319424141     
   3.6299999999999666       -3.8191842008539973     
   3.6399999999999664       -3.8019427021190975     
   3.6499999999999662       -3.7847544319263111     
   3.6599999999999659       -3.7676194831381311     
   3.6699999999999657       -3.7505379453185155     
   3.6799999999999655       -3.7335099047604192     
   3.6899999999999653       -3.7165354445133358     
   3.6999999999999651       -3.6996146444108238     
   3.7099999999999649       -3.6827475810980124     
   3.7199999999999647       -3.6659343280590999     
   3.7299999999999645       -3.6491749556448267     
   3.7399999999999642       -3.6324695310999138     
   3.7499999999999640       -3.6158181185904930     
   3.7599999999999638       -3.5992207792314908     
   3.7699999999999636       -3.5826775711139804     
   3.7799999999999634       -3.5661885493325087     
   3.7899999999999632       -3.5497537660123655     
   3.7999999999999630       -3.5333732703368241     
   3.8099999999999627       -3.5170471085743253     
   3.8199999999999625       -3.5007753241056241     
   3.8299999999999623       -3.4845579574508765     
   3.8399999999999621       -3.4683950462966724     
   3.8499999999999619       -3.4522866255230218     
   3.8599999999999617       -3.4362327272302586     
   3.8699999999999615       -3.4202333807659189     
   3.8799999999999613       -3.4042886127515120     
   3.8899999999999610       -3.3883984471092612     
   3.8999999999999608       -3.3725629050887553     
   3.9099999999999606       -3.3567820052935247     
   3.9199999999999604       -3.3410557637075673     
   3.9299999999999602       -3.3253841937217645     
   3.9399999999999600       -3.3097673061602508     
   3.9499999999999598       -3.2942051093066791     
   3.9599999999999596       -3.2786976089304138     
   3.9699999999999593       -3.2632448083126366     
   3.9799999999999591       -3.2478467082723643     
   3.9899999999999589       -3.2325033071923848     
   3.9999999999999587       -3.2172146010450824     
   4.0099999999999589       -3.2019805834181945     
   4.0199999999999587       -3.1868012455404555     
   4.0299999999999585       -3.1716765763071555     
   4.0399999999999583       -3.1566065623055941     
   4.0499999999999581       -3.1415911878404286     
   4.0599999999999579       -3.1266304349589378     
   4.0699999999999577       -3.1117242834761631     
   4.0799999999999574       -3.0968727109999570     
   4.0899999999999572       -3.0820756929559128     
   4.0999999999999570       -3.0673332026122067     
   4.1099999999999568       -3.0526452111043083     
   4.1199999999999566       -3.0380116874595844     
   4.1299999999999564       -3.0234325986218087     
   4.1399999999999562       -3.0089079094755284     
   4.1499999999999559       -2.9944375828703373     
   4.1599999999999557       -2.9800215796450260     
   4.1699999999999555       -2.9656598586516081     
   4.1799999999999553       -2.9513523767792389     
   4.1899999999999551       -2.9370990889780018     
   4.1999999999999549       -2.9228999482825859     
   4.2099999999999547       -2.9087549058358304     
   4.2199999999999545       -2.8946639109121435     
   4.2299999999999542       -2.8806269109408111     
   4.2399999999999540       -2.8666438515291697     
   4.2499999999999538       -2.8527146764856548     
   4.2599999999999536       -2.8388393278427175     
   4.2699999999999534       -2.8250177458796157     
   4.2799999999999532       -2.8112498691450840     
   4.2899999999999530       -2.7975356344798685     
   4.2999999999999527       -2.7838749770391100     
   4.3099999999999525       -2.7702678303146406     
   4.3199999999999523       -2.7567141261571040     
   4.3299999999999521       -2.7432137947979660     
   4.3399999999999519       -2.7297667648713873     
   4.3499999999999517       -2.7163729634359575     
   4.3599999999999515       -2.7030323159963014     
   4.3699999999999513       -2.6897447465245437     
   4.3799999999999510       -2.6765101774816422     
   4.3899999999999508       -2.6633285298385720     
   4.3999999999999506       -2.6501997230974030     
   4.4099999999999504       -2.6371236753121972     
   4.4199999999999502       -2.6241003031098060     
   4.4299999999999500       -2.6111295217105033     
   4.4399999999999498       -2.5982112449485069     
   4.4499999999999496       -2.5853453852923201     
   4.4599999999999493       -2.5725318538649740     
   4.4699999999999491       -2.5597705604641181     
   4.4799999999999489       -2.5470614135819547     
   4.4899999999999487       -2.5344043204250504     
   4.4999999999999485       -2.5217991869340022     
   4.5099999999999483       -2.5092459178029687     
   4.5199999999999481       -2.4967444164990420     
   4.5299999999999478       -2.4842945852815035     
   4.5399999999999476       -2.4718963252209232     
   4.5499999999999474       -2.4595495362181135     
   4.5599999999999472       -2.4472541170229620     
   4.5699999999999470       -2.4350099652531023     
   4.5799999999999468       -2.4228169774124524     
   4.5899999999999466       -2.4106750489096047     
   4.5999999999999464       -2.3985840740760977     
   4.6099999999999461       -2.3865439461845135     
   4.6199999999999459       -2.3745545574664533     
   4.6299999999999457       -2.3626157991303653     
   4.6399999999999455       -2.3507275613792453     
   4.6499999999999453       -2.3388897334281689     
   4.6599999999999451       -2.3271022035217088     
   4.6699999999999449       -2.3153648589511979     
   4.6799999999999446       -2.3036775860718528     
   4.6899999999999444       -2.2920402703197622     
   4.6999999999999442       -2.2804527962287295     
   4.7099999999999440       -2.2689150474469715     
   4.7199999999999438       -2.2574269067536887     
   4.7299999999999436       -2.2459882560754902     
   4.7399999999999434       -2.2345989765026761     
   4.7499999999999432       -2.2232589483053795     
   4.7599999999999429       -2.2119680509495749     
   4.7699999999999427       -2.2007261631129538     
   4.7799999999999425       -2.1895331627006369     
   4.7899999999999423       -2.1783889268607881     
   4.7999999999999421       -2.1672933320000460     
   4.8099999999999419       -2.1562462537988507     
   4.8199999999999417       -2.1452475672266269     
   4.8299999999999415       -2.1342971465568166     
   4.8399999999999412       -2.1233948653817913     
   4.8499999999999410       -2.1125405966276176     
   4.8599999999999408       -2.1017342125687026     
   4.8699999999999406       -2.0909755848422771     
   4.8799999999999404       -2.0802645844627783     
   4.8899999999999402       -2.0696010818360655     
   4.8999999999999400       -2.0589849467735304     
   4.9099999999999397       -2.0484160485060485     
   4.9199999999999395       -2.0378942556978252     
   4.9299999999999393       -2.0274194364600788     
   4.9399999999999391       -2.0169914583646200     
   4.9499999999999389       -2.0066101884572829     
   4.9599999999999387       -1.9962754932712263     
   4.9699999999999385       -1.9859872388401216     
   4.9799999999999383       -1.9757452907111848     
   4.9899999999999380       -1.9655495139580932     
   4.9999999999999378       -1.9553997731937853     
   5.0099999999999376       -1.9452959325831065     
   5.0199999999999374       -1.9352378558553474     
   5.0299999999999372       -1.9252254063166472     
   5.0399999999999370       -1.9152584468622775     
   5.0499999999999368       -1.9053368399887827     
   5.0599999999999365       -1.8954604478060251     
   5.0699999999999363       -1.8856291320490675     
   5.0799999999999361       -1.8758427540899767     
   5.0899999999999359       -1.8661011749494545     
   5.0999999999999357       -1.8564042553083926     
   5.1099999999999355       -1.8467518555192637     
   5.1199999999999353       -1.8371438356174288     
   5.1299999999999351       -1.8275800553322972     
   5.1399999999999348       -1.8180603740983718     
   5.1499999999999346       -1.8085846510661892     
   5.1599999999999344       -1.7991527451131155     
   5.1699999999999342       -1.7897645148540562     
   5.1799999999999340       -1.7804198186520050     
