   0.0000000000000000        0.0000000000000000     
   0.0000000000000000        100.00000000000000     
   1.0000000000000000E-002   99.999509500660096     
   2.0000000000000000E-002   99.998038010813204     
   2.9999999999999999E-002   99.995585554977197     
   4.0000000000000001E-002   99.992152174013469     
   5.0000000000000003E-002   99.987737925124122     
   6.0000000000000005E-002   99.982342881848155     
   7.0000000000000007E-002   99.975967134056617     
   8.0000000000000002E-002   99.968610787946560     
   8.9999999999999997E-002   99.960273966034023     
   9.9999999999999992E-002   99.950956807145843     
  0.10999999999999999        99.940659466410381     
  0.11999999999999998        99.929382115247236     
  0.12999999999999998        99.917124941355908     
  0.13999999999999999        99.903888148703103     
  0.14999999999999999        99.889671957509336     
  0.16000000000000000        99.874476604234246     
  0.17000000000000001        99.858302341560901     
  0.18000000000000002        99.841149438378963     
  0.19000000000000003        99.823018179766748     
  0.20000000000000004        99.803908866972591     
  0.21000000000000005        99.783821817394454     
  0.22000000000000006        99.762757364559192     
  0.23000000000000007        99.740715858100288     
  0.24000000000000007        99.717697663734754     
  0.25000000000000006        99.693703163238837     
  0.26000000000000006        99.668732754422791     
  0.27000000000000007        99.642786851104574     
  0.28000000000000008        99.615865883082492     
  0.29000000000000009        99.587970296106789     
  0.30000000000000010        99.559100551850179     
  0.31000000000000011        99.529257127877457     
  0.32000000000000012        99.498440517613972     
  0.33000000000000013        99.466651230313161     
  0.34000000000000014        99.433889791022963     
  0.35000000000000014        99.400156740551338     
  0.36000000000000015        99.365452635430714     
  0.37000000000000016        99.329778047881447     
  0.38000000000000017        99.293133565774241     
  0.39000000000000018        99.255519792591684     
  0.40000000000000019        99.216937347388637     
  0.41000000000000020        99.177386864751853     
  0.42000000000000021        99.136868994758345     
  0.43000000000000022        99.095384402933092     
  0.44000000000000022        99.052933770205598     
  0.45000000000000023        99.009517792865395     
  0.46000000000000024        98.965137182516855     
  0.47000000000000025        98.919792666032947     
  0.48000000000000026        98.873484985507872     
  0.49000000000000027        98.826214898209074     
  0.50000000000000022        98.777983176528139     
  0.51000000000000023        98.728790607930733     
  0.52000000000000024        98.678637994905856     
  0.53000000000000025        98.627526154913838     
  0.54000000000000026        98.575455920333837     
  0.55000000000000027        98.522428138410120     
  0.56000000000000028        98.468443671197633     
  0.57000000000000028        98.413503395506567     
  0.58000000000000029        98.357608202846251     
  0.59000000000000030        98.300758999368028     
  0.60000000000000031        98.242956705807202     
  0.61000000000000032        98.184202257424431     
  0.62000000000000033        98.124496603945957     
  0.63000000000000034        98.063840709503154     
  0.64000000000000035        98.002235552571335     
  0.65000000000000036        97.939682125907623     
  0.66000000000000036        97.876181436487926     
  0.67000000000000037        97.811734505443440     
  0.68000000000000038        97.746342367995950     
  0.69000000000000039        97.680006073392747     
  0.70000000000000040        97.612726684840425     
  0.71000000000000041        97.544505279438155     
  0.72000000000000042        97.475342948110082     
  0.73000000000000043        97.405240795536997     
  0.74000000000000044        97.334199940087416     
  0.75000000000000044        97.262221513747548     
  0.76000000000000045        97.189306662051038     
  0.77000000000000046        97.115456544007642     
  0.78000000000000047        97.040672332031278     
  0.79000000000000048        96.964955211867576     
  0.80000000000000049        96.888306382520398     
  0.81000000000000050        96.810727056177939     
  0.82000000000000051        96.732218458138249     
  0.83000000000000052        96.652781826733730     
  0.84000000000000052        96.572418413255306     
  0.85000000000000053        96.491129481875916     
  0.86000000000000054        96.408916309573215     
  0.87000000000000055        96.325780186051816     
  0.88000000000000056        96.241722413664959     
  0.89000000000000057        96.156744307335345     
  0.90000000000000058        96.070847194475661     
  0.91000000000000059        95.984032414908370     
  0.92000000000000060        95.896301320784943     
  0.93000000000000060        95.807655276504619     
  0.94000000000000061        95.718095658632450     
  0.95000000000000062        95.627623855817063     
  0.96000000000000063        95.536241268707684     
  0.97000000000000064        95.443949309870604     
  0.98000000000000065        95.350749403705478     
  0.99000000000000066        95.256642986360589     
   1.0000000000000007        95.161631505648231     
   1.0100000000000007        95.065716420959120     
   1.0200000000000007        94.968899203176562     
   1.0300000000000007        94.871181334590176     
   1.0400000000000007        94.772564308809109     
   1.0500000000000007        94.673049630674797     
   1.0600000000000007        94.572638816173395     
   1.0700000000000007        94.471333392347674     
   1.0800000000000007        94.369134897208639     
   1.0900000000000007        94.266044879646572     
   1.1000000000000008        94.162064899341956     
   1.1100000000000008        94.057196526675739     
   1.1200000000000008        93.951441342639441     
   1.1300000000000008        93.844800938744768     
   1.1400000000000008        93.737276916933013     
   1.1500000000000008        93.628870889484006     
   1.1600000000000008        93.519584478924813     
   1.1700000000000008        93.409419317938102     
   1.1800000000000008        93.298377049270172     
   1.1900000000000008        93.186459325638779     
   1.2000000000000008        93.073667809640597     
   1.2100000000000009        92.960004173658390     
   1.2200000000000009        92.845470099767965     
   1.2300000000000009        92.730067279644985     
   1.2400000000000009        92.613797414471279     
   1.2500000000000009        92.496662214841209     
   1.2600000000000009        92.378663400667520     
   1.2700000000000009        92.259802701087295     
   1.2800000000000009        92.140081854367367     
   1.2900000000000009        92.019502607809954     
   1.3000000000000009        91.898066717657599     
   1.3100000000000009        91.775775948998529     
   1.3200000000000010        91.652632075671221     
   1.3300000000000010        91.528636880169415     
   1.3400000000000010        91.403792153546519     
   1.3500000000000010        91.278099695320179     
   1.3600000000000010        91.151561313376533     
   1.3700000000000010        91.024178823874536     
   1.3800000000000010        90.895954051149971     
   1.3900000000000010        90.766888827619624     
   1.4000000000000010        90.636984993685047     
   1.4100000000000010        90.506244397636578     
   1.4200000000000010        90.374668895557122     
   1.4300000000000010        90.242260351225823     
   1.4400000000000011        90.109020636021867     
   1.4500000000000011        89.974951628828109     
   1.4600000000000011        89.840055215934740     
   1.4700000000000011        89.704333290942856     
   1.4800000000000011        89.567787754668117     
   1.4900000000000011        89.430420515044403     
   1.5000000000000011        89.292233487027318     
   1.5100000000000011        89.153228592497996     
   1.5200000000000011        89.013407760166643     
   1.5300000000000011        88.872772925476298     
   1.5400000000000011        88.731326030506551     
   1.5500000000000012        88.589069023877400     
   1.5600000000000012        88.446003860653107     
   1.5700000000000012        88.302132502246138     
   1.5800000000000012        88.157456916321138     
   1.5900000000000012        88.011979076699035     
   1.6000000000000012        87.865700963261375     
   1.6100000000000012        87.718624561854426     
   1.6200000000000012        87.570751864193809     
   1.6300000000000012        87.422084867768859     
   1.6400000000000012        87.272625575747412     
   1.6500000000000012        87.122375996880592     
   1.6600000000000013        86.971338145407685     
   1.6700000000000013        86.819514040961423     
   1.6800000000000013        86.666905708472996     
   1.6900000000000013        86.513515178077796     
   1.7000000000000013        86.359344485020742     
   1.7100000000000013        86.204395669562274     
   1.7200000000000013        86.048670776884236     
   1.7300000000000013        85.892171856996143     
   1.7400000000000013        85.734900964641511     
   1.7500000000000013        85.576860159204472     
   1.7600000000000013        85.418051504616642     
   1.7700000000000014        85.258477069264202     
   1.7800000000000014        85.098138925895014     
   1.7900000000000014        84.937039151526434     
   1.8000000000000014        84.775179827352844     
   1.8100000000000014        84.612563038653846     
   1.8200000000000014        84.449190874702467     
   1.8300000000000014        84.285065428673818     
   1.8400000000000014        84.120188797553809     
   1.8500000000000014        83.954563082048466     
   1.8600000000000014        83.788190386493127     
   1.8700000000000014        83.621072818762315     
   1.8800000000000014        83.453212490179681     
   1.8900000000000015        83.284611515428338     
   1.9000000000000015        83.115272012461418     
   1.9100000000000015        82.945196102413149     
   1.9200000000000015        82.774385909510073     
   1.9300000000000015        82.602843560982507     
   1.9400000000000015        82.430571186976778     
   1.9500000000000015        82.257570920467174     
   1.9600000000000015        82.083844897168845     
   1.9700000000000015        81.909395255450576     
   1.9800000000000015        81.734224136248258     
   1.9900000000000015        81.558333682978486     
   2.0000000000000013        81.381726041452737     
   2.0100000000000011        81.204403359791684     
   2.0200000000000009        81.026367788340139     
   2.0300000000000007        80.847621479582102     
   2.0400000000000005        80.668166588056508     
   2.0500000000000003        80.488005270273121     
   2.0600000000000001        80.307139684628908     
   2.0699999999999998        80.125571991324819     
   2.0799999999999996        79.943304352283022     
   2.0899999999999994        79.760338931064439     
   2.0999999999999992        79.576677892786734     
   2.1099999999999990        79.392323404042827     
   2.1199999999999988        79.207277632819711     
   2.1299999999999986        79.021542748417716     
   2.1399999999999983        78.835120921370105     
   2.1499999999999981        78.648014323363412     
   2.1599999999999979        78.460225127157955     
   2.1699999999999977        78.271755506508754     
   2.1799999999999975        78.082607636087147     
   2.1899999999999973        77.892783691402542     
   2.1999999999999971        77.702285848724998     
   2.2099999999999969        77.511116285007802     
   2.2199999999999966        77.319277177810932     
   2.2299999999999964        77.126770705224743     
   2.2399999999999962        76.933599045794182     
   2.2499999999999960        76.739764378443340     
   2.2599999999999958        76.545268882400890     
   2.2699999999999956        76.350114737125352     
   2.2799999999999954        76.154304122231480     
   2.2899999999999952        75.957839217416648     
   2.2999999999999949        75.760722202388038     
   2.3099999999999947        75.562955256790076     
   2.3199999999999945        75.364540560132454     
   2.3299999999999943        75.165480291718808     
   2.3399999999999941        74.965776630575490     
   2.3499999999999939        74.765431755381258     
   2.3599999999999937        74.564447844397122     
   2.3699999999999934        74.362827075396979     
   2.3799999999999932        74.160571625598493     
   2.3899999999999930        73.957683671594594     
   2.3999999999999928        73.754165389285532     
   2.4099999999999926        73.550018953811303     
   2.4199999999999924        73.345246539484748     
   2.4299999999999922        73.139850319724928     
   2.4399999999999920        72.933832466991262     
   2.4499999999999917        72.727195152717940     
   2.4599999999999915        72.519940547249135     
   2.4699999999999913        72.312070819774391     
   2.4799999999999911        72.103588138264726     
   2.4899999999999909        71.894494669409298     
   2.4999999999999907        71.684792578552418     
   2.5099999999999905        71.474484029631199     
   2.5199999999999902        71.263571185113662     
   2.5299999999999900        71.052056205937433     
   2.5399999999999898        70.839941251448863     
   2.5499999999999896        70.627228479342776     
   2.5599999999999894        70.413920045602623     
   2.5699999999999892        70.200018104441241     
   2.5799999999999890        69.985524808242133     
   2.5899999999999888        69.770442307501213     
   2.5999999999999885        69.554772750769104     
   2.6099999999999883        69.338518284594002     
   2.6199999999999881        69.121681053464940     
   2.6299999999999879        68.904263199755718     
   2.6399999999999877        68.686266863669346     
   2.6499999999999875        68.467694183182829     
   2.6599999999999873        68.248547293992743     
   2.6699999999999871        68.028828329461064     
   2.6799999999999868        67.808539420561772     
   2.6899999999999866        67.587682695827795     
   2.6999999999999864        67.366260281298494     
   2.7099999999999862        67.144274300467856     
   2.7199999999999860        66.921726874233002     
   2.7299999999999858        66.698620120843188     
   2.7399999999999856        66.474956155849583     
   2.7499999999999853        66.250737092055260     
   2.7599999999999851        66.025965039466016     
   2.7699999999999849        65.800642105241394     
   2.7799999999999847        65.574770393646446     
   2.7899999999999845        65.348352006003978     
   2.7999999999999843        65.121389040647244     
   2.8099999999999841        64.893883592873237     
   2.8199999999999839        64.665837754896316     
   2.8299999999999836        64.437253615802689     
   2.8399999999999834        64.208133261505026     
   2.8499999999999832        63.978478774697933     
   2.8599999999999830        63.748292234813569     
   2.8699999999999828        63.517575717978126     
   2.8799999999999826        63.286331296968605     
   2.8899999999999824        63.054561041170189     
   2.8999999999999821        62.822267016533978     
   2.9099999999999819        62.589451285535532     
   2.9199999999999817        62.356115907133614     
   2.9299999999999815        62.122262936729520     
   2.9399999999999813        61.887894426127033     
   2.9499999999999811        61.653012423492683     
   2.9599999999999809        61.417618973316749     
   2.9699999999999807        61.181716116374432     
   2.9799999999999804        60.945305889687859     
   2.9899999999999802        60.708390326488356     
   2.9999999999999800        60.470971456179278     
   3.0099999999999798        60.233051304299458     
   3.0199999999999796        59.994631892486744     
   3.0299999999999794        59.755715238442626     
   3.0399999999999792        59.516303355896795     
   3.0499999999999790        59.276398254572548     
   3.0599999999999787        59.036001940152403     
   3.0699999999999785        58.795116414244482     
   3.0799999999999783        58.553743674349079     
   3.0899999999999781        58.311885713825951     
   3.0999999999999779        58.069544521861907     
   3.1099999999999777        57.826722083438938     
   3.1199999999999775        57.583420379302886     
   3.1299999999999772        57.339641385932367     
   3.1399999999999770        57.095387075508441     
   3.1499999999999768        56.850659415884564     
   3.1599999999999766        56.605460370557012     
   3.1699999999999764        56.359791898635706     
   3.1799999999999762        56.113655954815840     
   3.1899999999999760        55.867054489349428     
   3.1999999999999758        55.619989448017741     
   3.2099999999999755        55.372462772103944     
   3.2199999999999753        55.124476398366355     
   3.2299999999999751        54.876032259011993     
   3.2399999999999749        54.627132281670633     
   3.2499999999999747        54.377778389369347     
   3.2599999999999745        54.127972500507454     
   3.2699999999999743        53.877716528831847     
   3.2799999999999740        53.627012383412804     
   3.2899999999999738        53.375861968620292     
   3.2999999999999736        53.124267184100539     
   3.3099999999999734        52.872229924753213     
   3.3199999999999732        52.619752080708871     
   3.3299999999999730        52.366835537306962     
   3.3399999999999728        52.113482175074132     
   3.3499999999999726        51.859693869703008     
   3.3599999999999723        51.605472492031417     
   3.3699999999999721        51.350819908021968     
   3.3799999999999719        51.095737978741980     
   3.3899999999999717        50.840228560344073     
   3.3999999999999715        50.584293504046762     
   3.4099999999999713        50.327934656115858     
   3.4199999999999711        50.071153857846021     
   3.4299999999999708        49.813952945542702     
   3.4399999999999706        49.556333750504621     
   3.4499999999999704        49.298298099006551     
   3.4599999999999702        49.039847812282510     
   3.4699999999999700        48.780984706509258     
   3.4799999999999698        48.521710592790299     
   3.4899999999999696        48.262027277140241     
   3.4999999999999694        48.001936560469417     
   3.5099999999999691        47.741440238569012     
   3.5199999999999689        47.480540102096541     
   3.5299999999999687        47.219237936561527     
   3.5399999999999685        46.957535522311971     
   3.5499999999999683        46.695434634520552     
   3.5599999999999681        46.432937043171783     
   3.5699999999999679        46.170044513049170     
   3.5799999999999677        45.906758803722880     
   3.5899999999999674        45.643081669537715     
   3.5999999999999672        45.379014859601398     
   3.6099999999999670        45.114560117773252     
   3.6199999999999668        44.849719182653253     
   3.6299999999999666        44.584493787571361     
   3.6399999999999664        44.318885660577180     
   3.6499999999999662        44.052896524430125     
   3.6599999999999659        43.786528096589620     
   3.6699999999999657        43.519782089205918     
   3.6799999999999655        43.252660209110992     
   3.6899999999999653        42.985164157810019     
   3.6999999999999651        42.717295631473078     
   3.7099999999999649        42.449056320926957     
   3.7199999999999647        42.180447911647647     
   3.7299999999999645        41.911472083752805     
   3.7399999999999642        41.642130511994907     
   3.7499999999999640        41.372424865754198     
   3.7599999999999638        41.102356809032571     
   3.7699999999999636        40.831928000447149     
   3.7799999999999634        40.561140093224587     
   3.7899999999999632        40.289994735195464     
   3.7999999999999630        40.018493568789054     
   3.8099999999999627        39.746638231028342     
   3.8199999999999625        39.474430353525442     
   3.8299999999999623        39.201871562477088     
   3.8399999999999621        38.928963478660592     
   3.8499999999999619        38.655707717430019     
   3.8599999999999617        38.382105888712736     
   3.8699999999999615        38.108159597005994     
   3.8799999999999613        37.833870441374074     
   3.8899999999999610        37.559240015445468     
   3.8999999999999608        37.284269907410525     
   3.9099999999999606        37.008961700019192     
   3.9199999999999604        36.733316970579189     
   3.9299999999999602        36.457337290954250     
   3.9399999999999600        36.181024227562752     
   3.9499999999999598        35.904379341376654     
   3.9599999999999596        35.627404187920391     
   3.9699999999999593        35.350100317270602     
   3.9799999999999591        35.072469274055294     
   3.9899999999999589        34.794512597454059     
   3.9999999999999587        34.516231821197920     
   4.0099999999999589        34.237628473569814     
   4.0199999999999587        33.958704077405116     
   4.0299999999999585        33.679460150092424     
   4.0399999999999583        33.399898203574608     
   4.0499999999999581        33.120019744350088     
   4.0599999999999579        32.839826273474344     
   4.0699999999999577        32.559319286561546     
   4.0799999999999574        32.278500273786619     
   4.0899999999999572        31.997370719887329     
   4.0999999999999570        31.715932104166669     
   4.1099999999999568        31.434185900495493     
   4.1199999999999566        31.152133577315212     
   4.1299999999999564        30.869776597640993     
   4.1399999999999562        30.587116419064756     
   4.1499999999999559        30.304154493758759     
   4.1599999999999557        30.020892268479273     
   4.1699999999999555        29.737331184570181     
   4.1799999999999553        29.453472677967213     
   4.1899999999999551        29.169318179202151     
   4.1999999999999549        28.884869113407092     
   4.2099999999999547        28.600126900319268     
   4.2199999999999545        28.315092954285660     
   4.2299999999999542        28.029768684268106     
   4.2399999999999540        27.744155493848353     
   4.2499999999999538        27.458254781233464     
   4.2599999999999536        27.172067939261439     
   4.2699999999999534        26.885596355406733     
   4.2799999999999532        26.598841411786225     
   4.2899999999999530        26.311804485165268     
   4.2999999999999527        26.024486946963918     
   4.3099999999999525        25.736890163263297     
   4.3199999999999523        25.449015494812159     
   4.3299999999999521        25.160864297033612     
   4.3399999999999519        24.872437920031956     
   4.3499999999999517        24.583737708599742     
   4.3599999999999515        24.294765002225020     
   4.3699999999999513        24.005521135098633     
   4.3799999999999510        23.716007436121686     
   4.3899999999999508        23.426225228913296     
   4.3999999999999506        23.136175831818250     
   4.4099999999999504        22.845860557915131     
   4.4199999999999502        22.555280715024210     
   4.4299999999999500        22.264437605715912     
   4.4399999999999498        21.973332527318988     
   4.4499999999999496        21.681966771929069     
   4.4599999999999493        21.390341626417438     
   4.4699999999999491        21.098458372439566     
   4.4799999999999489        20.806318286444395     
   4.4899999999999487        20.513922639683017     
   4.4999999999999485        20.221272698218002     
   4.5099999999999483        19.928369722932743     
   4.5199999999999481        19.635214969540783     
   4.5299999999999478        19.341809688595475     
   4.5399999999999476        19.048155125499491     
   4.5499999999999474        18.754252520514754     
   4.5599999999999472        18.460103108772273     
   4.5699999999999470        18.165708120282105     
   4.5799999999999468        17.871068779943613     
   4.5899999999999466        17.576186307555702     
   4.5999999999999464        17.281061917826904     
   4.6099999999999461        16.985696820386224     
   4.6199999999999459        16.690092219793399     
   4.6299999999999457        16.394249315549771     
   4.6399999999999455        16.098169302108900     
   4.6499999999999453        15.801853368887492     
   4.6599999999999451        15.505302700276474     
   4.6699999999999449        15.208518475651815     
   4.6799999999999446        14.911501869385901     
   4.6899999999999444        14.614254050858747     
   4.6999999999999442        14.316776184469276     
   4.7099999999999440        14.019069429646777     
   4.7199999999999438        13.721134940862456     
   4.7299999999999436        13.422973867641048     
   4.7399999999999434        13.124587354572498     
   4.7499999999999432        12.825976541323712     
   4.7599999999999429        12.527142562650468     
   4.7699999999999427        12.228086548409365     
   4.7799999999999425        11.928809623569720     
   4.7899999999999423        11.629312908225884     
   4.7999999999999421        11.329597517609216     
   4.8099999999999419        11.029664562100464     
   4.8199999999999417        10.729515147241969     
   4.8299999999999415        10.429150373750133     
   4.8399999999999412        10.128571337527902     
   4.8499999999999410        9.8277791296772108     
   4.8599999999999408        9.5267748365117058     
   4.8699999999999406        9.2255595395692751     
   4.8799999999999404        8.9241343156247552     
   4.8899999999999402        8.6225002367029617     
   4.8999999999999400        8.3206583700911949     
   4.9099999999999397        8.0186097783524559     
   4.9199999999999395        7.7163555193381796     
   4.9299999999999393        7.4138966462013798     
   4.9399999999999391        7.1112342074097938     
   4.9499999999999389        6.8083692467587440     
   4.9599999999999387        6.5053028033846658     
   4.9699999999999385        6.2020359117781538     
   4.9799999999999383        5.8985696017972060     
   4.9899999999999380        5.5949048986807242     
   4.9999999999999378        5.2910428230617299     
   5.0099999999999376        4.9869843909808225     
   5.0199999999999374        4.6827306138999063     
   5.0299999999999372        4.3782824987153504     
   5.0399999999999370        4.0736410477716589     
   5.0499999999999368        3.7688072588752561     
   5.0599999999999365        3.4637821253078442     
   5.0699999999999363        3.1585666358403728     
   5.0799999999999361        2.8531617747465248     
   5.0899999999999359        2.5475685218166149     
   5.0999999999999357        2.2417878523712602     
   5.1099999999999355        1.9358207372753498     
   5.1199999999999353        1.6296681429517861     
   5.1299999999999351        1.3233310313954121     
   5.1399999999999348        1.0168103601869802     
   5.1499999999999346       0.71010708250703658     
   5.1599999999999344       0.40322214714989002     
   5.1699999999999342        9.6156498537695256E-002
   5.1799999999999340      -0.21108892326553530     
