   0.0000000000000000       -9.8100004196166992     
   1.0000000000000000E-002  -9.8100004196166992     
   2.0000000000000000E-002  -9.8100004196166992     
   2.9999999999999999E-002  -9.8100004196166992     
   4.0000000000000001E-002  -9.8100004196166992     
   5.0000000000000003E-002  -9.8100004196166992     
   6.0000000000000005E-002  -9.8100004196166992     
   7.0000000000000007E-002  -9.8100004196166992     
   8.0000000000000002E-002  -9.8100004196166992     
   8.9999999999999997E-002  -9.8100004196166992     
   9.9999999999999992E-002  -9.8100004196166992     
  0.10999999999999999       -9.8100004196166992     
  0.11999999999999998       -9.8100004196166992     
  0.12999999999999998       -9.8100004196166992     
  0.13999999999999999       -9.8100004196166992     
  0.14999999999999999       -9.8100004196166992     
  0.16000000000000000       -9.8100004196166992     
  0.17000000000000001       -9.8100004196166992     
  0.18000000000000002       -9.8100004196166992     
  0.19000000000000003       -9.8100004196166992     
  0.20000000000000004       -9.8100004196166992     
  0.21000000000000005       -9.8100004196166992     
  0.22000000000000006       -9.8100004196166992     
  0.23000000000000007       -9.8100004196166992     
  0.24000000000000007       -9.8100004196166992     
  0.25000000000000006       -9.8100004196166992     
  0.26000000000000006       -9.8100004196166992     
  0.27000000000000007       -9.8100004196166992     
  0.28000000000000008       -9.8100004196166992     
  0.29000000000000009       -9.8100004196166992     
  0.30000000000000010       -9.8100004196166992     
  0.31000000000000011       -9.8100004196166992     
  0.32000000000000012       -9.8100004196166992     
  0.33000000000000013       -9.8100004196166992     
  0.34000000000000014       -9.8100004196166992     
  0.35000000000000014       -9.8100004196166992     
  0.36000000000000015       -9.8100004196166992     
  0.37000000000000016       -9.8100004196166992     
  0.38000000000000017       -9.8100004196166992     
  0.39000000000000018       -9.8100004196166992     
  0.40000000000000019       -9.8100004196166992     
  0.41000000000000020       -9.8100004196166992     
  0.42000000000000021       -9.8100004196166992     
  0.43000000000000022       -9.8100004196166992     
  0.44000000000000022       -9.8100004196166992     
  0.45000000000000023       -9.8100004196166992     
  0.46000000000000024       -9.8100004196166992     
  0.47000000000000025       -9.8100004196166992     
  0.48000000000000026       -9.8100004196166992     
  0.49000000000000027       -9.8100004196166992     
  0.50000000000000022       -9.8100004196166992     
  0.51000000000000023       -9.8100004196166992     
  0.52000000000000024       -9.8100004196166992     
  0.53000000000000025       -9.8100004196166992     
  0.54000000000000026       -9.8100004196166992     
  0.55000000000000027       -9.8100004196166992     
  0.56000000000000028       -9.8100004196166992     
  0.57000000000000028       -9.8100004196166992     
  0.58000000000000029       -9.8100004196166992     
  0.59000000000000030       -9.8100004196166992     
  0.60000000000000031       -9.8100004196166992     
  0.61000000000000032       -9.8100004196166992     
  0.62000000000000033       -9.8100004196166992     
  0.63000000000000034       -9.8100004196166992     
  0.64000000000000035       -9.8100004196166992     
  0.65000000000000036       -9.8100004196166992     
  0.66000000000000036       -9.8100004196166992     
  0.67000000000000037       -9.8100004196166992     
  0.68000000000000038       -9.8100004196166992     
  0.69000000000000039       -9.8100004196166992     
  0.70000000000000040       -9.8100004196166992     
  0.71000000000000041       -9.8100004196166992     
  0.72000000000000042       -9.8100004196166992     
  0.73000000000000043       -9.8100004196166992     
  0.74000000000000044       -9.8100004196166992     
  0.75000000000000044       -9.8100004196166992     
  0.76000000000000045       -9.8100004196166992     
  0.77000000000000046       -9.8100004196166992     
  0.78000000000000047       -9.8100004196166992     
  0.79000000000000048       -9.8100004196166992     
  0.80000000000000049       -9.8100004196166992     
  0.81000000000000050       -9.8100004196166992     
  0.82000000000000051       -9.8100004196166992     
  0.83000000000000052       -9.8100004196166992     
  0.84000000000000052       -9.8100004196166992     
  0.85000000000000053       -9.8100004196166992     
  0.86000000000000054       -9.8100004196166992     
  0.87000000000000055       -9.8100004196166992     
  0.88000000000000056       -9.8100004196166992     
  0.89000000000000057       -9.8100004196166992     
  0.90000000000000058       -9.8100004196166992     
  0.91000000000000059       -9.8100004196166992     
  0.92000000000000060       -9.8100004196166992     
  0.93000000000000060       -9.8100004196166992     
  0.94000000000000061       -9.8100004196166992     
  0.95000000000000062       -9.8100004196166992     
  0.96000000000000063       -9.8100004196166992     
  0.97000000000000064       -9.8100004196166992     
  0.98000000000000065       -9.8100004196166992     
  0.99000000000000066       -9.8100004196166992     
   1.0000000000000007       -9.8100004196166992     
   1.0100000000000007       -9.8100004196166992     
   1.0200000000000007       -9.8100004196166992     
   1.0300000000000007       -9.8100004196166992     
   1.0400000000000007       -9.8100004196166992     
   1.0500000000000007       -9.8100004196166992     
   1.0600000000000007       -9.8100004196166992     
   1.0700000000000007       -9.8100004196166992     
   1.0800000000000007       -9.8100004196166992     
   1.0900000000000007       -9.8100004196166992     
   1.1000000000000008       -9.8100004196166992     
   1.1100000000000008       -9.8100004196166992     
   1.1200000000000008       -9.8100004196166992     
   1.1300000000000008       -9.8100004196166992     
   1.1400000000000008       -9.8100004196166992     
   1.1500000000000008       -9.8100004196166992     
   1.1600000000000008       -9.8100004196166992     
   1.1700000000000008       -9.8100004196166992     
   1.1800000000000008       -9.8100004196166992     
   1.1900000000000008       -9.8100004196166992     
   1.2000000000000008       -9.8100004196166992     
   1.2100000000000009       -9.8100004196166992     
   1.2200000000000009       -9.8100004196166992     
   1.2300000000000009       -9.8100004196166992     
   1.2400000000000009       -9.8100004196166992     
   1.2500000000000009       -9.8100004196166992     
   1.2600000000000009       -9.8100004196166992     
   1.2700000000000009       -9.8100004196166992     
   1.2800000000000009       -9.8100004196166992     
   1.2900000000000009       -9.8100004196166992     
   1.3000000000000009       -9.8100004196166992     
   1.3100000000000009       -9.8100004196166992     
   1.3200000000000010       -9.8100004196166992     
   1.3300000000000010       -9.8100004196166992     
   1.3400000000000010       -9.8100004196166992     
   1.3500000000000010       -9.8100004196166992     
   1.3600000000000010       -9.8100004196166992     
   1.3700000000000010       -9.8100004196166992     
   1.3800000000000010       -9.8100004196166992     
   1.3900000000000010       -9.8100004196166992     
   1.4000000000000010       -9.8100004196166992     
   1.4100000000000010       -9.8100004196166992     
   1.4200000000000010       -9.8100004196166992     
   1.4300000000000010       -9.8100004196166992     
   1.4400000000000011       -9.8100004196166992     
   1.4500000000000011       -9.8100004196166992     
   1.4600000000000011       -9.8100004196166992     
   1.4700000000000011       -9.8100004196166992     
   1.4800000000000011       -9.8100004196166992     
   1.4900000000000011       -9.8100004196166992     
   1.5000000000000011       -9.8100004196166992     
   1.5100000000000011       -9.8100004196166992     
   1.5200000000000011       -9.8100004196166992     
   1.5300000000000011       -9.8100004196166992     
   1.5400000000000011       -9.8100004196166992     
   1.5500000000000012       -9.8100004196166992     
   1.5600000000000012       -9.8100004196166992     
   1.5700000000000012       -9.8100004196166992     
   1.5800000000000012       -9.8100004196166992     
   1.5900000000000012       -9.8100004196166992     
   1.6000000000000012       -9.8100004196166992     
   1.6100000000000012       -9.8100004196166992     
   1.6200000000000012       -9.8100004196166992     
   1.6300000000000012       -9.8100004196166992     
   1.6400000000000012       -9.8100004196166992     
   1.6500000000000012       -9.8100004196166992     
   1.6600000000000013       -9.8100004196166992     
   1.6700000000000013       -9.8100004196166992     
   1.6800000000000013       -9.8100004196166992     
   1.6900000000000013       -9.8100004196166992     
   1.7000000000000013       -9.8100004196166992     
   1.7100000000000013       -9.8100004196166992     
   1.7200000000000013       -9.8100004196166992     
   1.7300000000000013       -9.8100004196166992     
   1.7400000000000013       -9.8100004196166992     
   1.7500000000000013       -9.8100004196166992     
   1.7600000000000013       -9.8100004196166992     
   1.7700000000000014       -9.8100004196166992     
   1.7800000000000014       -9.8100004196166992     
   1.7900000000000014       -9.8100004196166992     
   1.8000000000000014       -9.8100004196166992     
   1.8100000000000014       -9.8100004196166992     
   1.8200000000000014       -9.8100004196166992     
   1.8300000000000014       -9.8100004196166992     
   1.8400000000000014       -9.8100004196166992     
   1.8500000000000014       -9.8100004196166992     
   1.8600000000000014       -9.8100004196166992     
   1.8700000000000014       -9.8100004196166992     
   1.8800000000000014       -9.8100004196166992     
   1.8900000000000015       -9.8100004196166992     
   1.9000000000000015       -9.8100004196166992     
   1.9100000000000015       -9.8100004196166992     
   1.9200000000000015       -9.8100004196166992     
   1.9300000000000015       -9.8100004196166992     
   1.9400000000000015       -9.8100004196166992     
   1.9500000000000015       -9.8100004196166992     
   1.9600000000000015       -9.8100004196166992     
   1.9700000000000015       -9.8100004196166992     
   1.9800000000000015       -9.8100004196166992     
   1.9900000000000015       -9.8100004196166992     
   2.0000000000000013       -9.8100004196166992     
   2.0100000000000011       -9.8100004196166992     
   2.0200000000000009       -9.8100004196166992     
   2.0300000000000007       -9.8100004196166992     
   2.0400000000000005       -9.8100004196166992     
   2.0500000000000003       -9.8100004196166992     
   2.0600000000000001       -9.8100004196166992     
   2.0699999999999998       -9.8100004196166992     
   2.0799999999999996       -9.8100004196166992     
   2.0899999999999994       -9.8100004196166992     
   2.0999999999999992       -9.8100004196166992     
   2.1099999999999990       -9.8100004196166992     
   2.1199999999999988       -9.8100004196166992     
   2.1299999999999986       -9.8100004196166992     
   2.1399999999999983       -9.8100004196166992     
   2.1499999999999981       -9.8100004196166992     
   2.1599999999999979       -9.8100004196166992     
   2.1699999999999977       -9.8100004196166992     
   2.1799999999999975       -9.8100004196166992     
   2.1899999999999973       -9.8100004196166992     
   2.1999999999999971       -9.8100004196166992     
   2.2099999999999969       -9.8100004196166992     
   2.2199999999999966       -9.8100004196166992     
   2.2299999999999964       -9.8100004196166992     
   2.2399999999999962       -9.8100004196166992     
   2.2499999999999960       -9.8100004196166992     
   2.2599999999999958       -9.8100004196166992     
   2.2699999999999956       -9.8100004196166992     
   2.2799999999999954       -9.8100004196166992     
   2.2899999999999952       -9.8100004196166992     
   2.2999999999999949       -9.8100004196166992     
   2.3099999999999947       -9.8100004196166992     
   2.3199999999999945       -9.8100004196166992     
   2.3299999999999943       -9.8100004196166992     
   2.3399999999999941       -9.8100004196166992     
   2.3499999999999939       -9.8100004196166992     
   2.3599999999999937       -9.8100004196166992     
   2.3699999999999934       -9.8100004196166992     
   2.3799999999999932       -9.8100004196166992     
   2.3899999999999930       -9.8100004196166992     
   2.3999999999999928       -9.8100004196166992     
   2.4099999999999926       -9.8100004196166992     
   2.4199999999999924       -9.8100004196166992     
   2.4299999999999922       -9.8100004196166992     
   2.4399999999999920       -9.8100004196166992     
   2.4499999999999917       -9.8100004196166992     
   2.4599999999999915       -9.8100004196166992     
   2.4699999999999913       -9.8100004196166992     
   2.4799999999999911       -9.8100004196166992     
   2.4899999999999909       -9.8100004196166992     
   2.4999999999999907       -9.8100004196166992     
   2.5099999999999905       -9.8100004196166992     
   2.5199999999999902       -9.8100004196166992     
   2.5299999999999900       -9.8100004196166992     
   2.5399999999999898       -9.8100004196166992     
   2.5499999999999896       -9.8100004196166992     
   2.5599999999999894       -9.8100004196166992     
   2.5699999999999892       -9.8100004196166992     
   2.5799999999999890       -9.8100004196166992     
   2.5899999999999888       -9.8100004196166992     
   2.5999999999999885       -9.8100004196166992     
   2.6099999999999883       -9.8100004196166992     
   2.6199999999999881       -9.8100004196166992     
   2.6299999999999879       -9.8100004196166992     
   2.6399999999999877       -9.8100004196166992     
   2.6499999999999875       -9.8100004196166992     
   2.6599999999999873       -9.8100004196166992     
   2.6699999999999871       -9.8100004196166992     
   2.6799999999999868       -9.8100004196166992     
   2.6899999999999866       -9.8100004196166992     
   2.6999999999999864       -9.8100004196166992     
   2.7099999999999862       -9.8100004196166992     
   2.7199999999999860       -9.8100004196166992     
   2.7299999999999858       -9.8100004196166992     
   2.7399999999999856       -9.8100004196166992     
   2.7499999999999853       -9.8100004196166992     
   2.7599999999999851       -9.8100004196166992     
   2.7699999999999849       -9.8100004196166992     
   2.7799999999999847       -9.8100004196166992     
   2.7899999999999845       -9.8100004196166992     
   2.7999999999999843       -9.8100004196166992     
   2.8099999999999841       -9.8100004196166992     
   2.8199999999999839       -9.8100004196166992     
   2.8299999999999836       -9.8100004196166992     
   2.8399999999999834       -9.8100004196166992     
   2.8499999999999832       -9.8100004196166992     
   2.8599999999999830       -9.8100004196166992     
   2.8699999999999828       -9.8100004196166992     
   2.8799999999999826       -9.8100004196166992     
   2.8899999999999824       -9.8100004196166992     
   2.8999999999999821       -9.8100004196166992     
   2.9099999999999819       -9.8100004196166992     
   2.9199999999999817       -9.8100004196166992     
   2.9299999999999815       -9.8100004196166992     
   2.9399999999999813       -9.8100004196166992     
   2.9499999999999811       -9.8100004196166992     
   2.9599999999999809       -9.8100004196166992     
   2.9699999999999807       -9.8100004196166992     
   2.9799999999999804       -9.8100004196166992     
   2.9899999999999802       -9.8100004196166992     
   2.9999999999999800       -9.8100004196166992     
   3.0099999999999798       -9.8100004196166992     
   3.0199999999999796       -9.8100004196166992     
   3.0299999999999794       -9.8100004196166992     
   3.0399999999999792       -9.8100004196166992     
   3.0499999999999790       -9.8100004196166992     
   3.0599999999999787       -9.8100004196166992     
   3.0699999999999785       -9.8100004196166992     
   3.0799999999999783       -9.8100004196166992     
   3.0899999999999781       -9.8100004196166992     
   3.0999999999999779       -9.8100004196166992     
   3.1099999999999777       -9.8100004196166992     
   3.1199999999999775       -9.8100004196166992     
   3.1299999999999772       -9.8100004196166992     
   3.1399999999999770       -9.8100004196166992     
   3.1499999999999768       -9.8100004196166992     
   3.1599999999999766       -9.8100004196166992     
   3.1699999999999764       -9.8100004196166992     
   3.1799999999999762       -9.8100004196166992     
   3.1899999999999760       -9.8100004196166992     
   3.1999999999999758       -9.8100004196166992     
   3.2099999999999755       -9.8100004196166992     
   3.2199999999999753       -9.8100004196166992     
   3.2299999999999751       -9.8100004196166992     
   3.2399999999999749       -9.8100004196166992     
   3.2499999999999747       -9.8100004196166992     
   3.2599999999999745       -9.8100004196166992     
   3.2699999999999743       -9.8100004196166992     
   3.2799999999999740       -9.8100004196166992     
   3.2899999999999738       -9.8100004196166992     
   3.2999999999999736       -9.8100004196166992     
   3.3099999999999734       -9.8100004196166992     
   3.3199999999999732       -9.8100004196166992     
   3.3299999999999730       -9.8100004196166992     
   3.3399999999999728       -9.8100004196166992     
   3.3499999999999726       -9.8100004196166992     
   3.3599999999999723       -9.8100004196166992     
   3.3699999999999721       -9.8100004196166992     
   3.3799999999999719       -9.8100004196166992     
   3.3899999999999717       -9.8100004196166992     
   3.3999999999999715       -9.8100004196166992     
   3.4099999999999713       -9.8100004196166992     
   3.4199999999999711       -9.8100004196166992     
   3.4299999999999708       -9.8100004196166992     
   3.4399999999999706       -9.8100004196166992     
   3.4499999999999704       -9.8100004196166992     
   3.4599999999999702       -9.8100004196166992     
   3.4699999999999700       -9.8100004196166992     
   3.4799999999999698       -9.8100004196166992     
   3.4899999999999696       -9.8100004196166992     
   3.4999999999999694       -9.8100004196166992     
   3.5099999999999691       -9.8100004196166992     
   3.5199999999999689       -9.8100004196166992     
   3.5299999999999687       -9.8100004196166992     
   3.5399999999999685       -9.8100004196166992     
   3.5499999999999683       -9.8100004196166992     
   3.5599999999999681       -9.8100004196166992     
   3.5699999999999679       -9.8100004196166992     
   3.5799999999999677       -9.8100004196166992     
   3.5899999999999674       -9.8100004196166992     
   3.5999999999999672       -9.8100004196166992     
   3.6099999999999670       -9.8100004196166992     
   3.6199999999999668       -9.8100004196166992     
   3.6299999999999666       -9.8100004196166992     
   3.6399999999999664       -9.8100004196166992     
   3.6499999999999662       -9.8100004196166992     
   3.6599999999999659       -9.8100004196166992     
   3.6699999999999657       -9.8100004196166992     
   3.6799999999999655       -9.8100004196166992     
   3.6899999999999653       -9.8100004196166992     
   3.6999999999999651       -9.8100004196166992     
   3.7099999999999649       -9.8100004196166992     
   3.7199999999999647       -9.8100004196166992     
   3.7299999999999645       -9.8100004196166992     
   3.7399999999999642       -9.8100004196166992     
   3.7499999999999640       -9.8100004196166992     
   3.7599999999999638       -9.8100004196166992     
   3.7699999999999636       -9.8100004196166992     
   3.7799999999999634       -9.8100004196166992     
   3.7899999999999632       -9.8100004196166992     
   3.7999999999999630       -9.8100004196166992     
   3.8099999999999627       -9.8100004196166992     
   3.8199999999999625       -9.8100004196166992     
   3.8299999999999623       -9.8100004196166992     
   3.8399999999999621       -9.8100004196166992     
   3.8499999999999619       -9.8100004196166992     
   3.8599999999999617       -9.8100004196166992     
   3.8699999999999615       -9.8100004196166992     
   3.8799999999999613       -9.8100004196166992     
   3.8899999999999610       -9.8100004196166992     
   3.8999999999999608       -9.8100004196166992     
   3.9099999999999606       -9.8100004196166992     
   3.9199999999999604       -9.8100004196166992     
   3.9299999999999602       -9.8100004196166992     
   3.9399999999999600       -9.8100004196166992     
   3.9499999999999598       -9.8100004196166992     
   3.9599999999999596       -9.8100004196166992     
   3.9699999999999593       -9.8100004196166992     
   3.9799999999999591       -9.8100004196166992     
   3.9899999999999589       -9.8100004196166992     
   3.9999999999999587       -9.8100004196166992     
   4.0099999999999589       -9.8100004196166992     
   4.0199999999999587       -9.8100004196166992     
   4.0299999999999585       -9.8100004196166992     
   4.0399999999999583       -9.8100004196166992     
   4.0499999999999581       -9.8100004196166992     
   4.0599999999999579       -9.8100004196166992     
   4.0699999999999577       -9.8100004196166992     
   4.0799999999999574       -9.8100004196166992     
   4.0899999999999572       -9.8100004196166992     
   4.0999999999999570       -9.8100004196166992     
   4.1099999999999568       -9.8100004196166992     
   4.1199999999999566       -9.8100004196166992     
   4.1299999999999564       -9.8100004196166992     
   4.1399999999999562       -9.8100004196166992     
   4.1499999999999559       -9.8100004196166992     
   4.1599999999999557       -9.8100004196166992     
   4.1699999999999555       -9.8100004196166992     
   4.1799999999999553       -9.8100004196166992     
   4.1899999999999551       -9.8100004196166992     
   4.1999999999999549       -9.8100004196166992     
   4.2099999999999547       -9.8100004196166992     
   4.2199999999999545       -9.8100004196166992     
   4.2299999999999542       -9.8100004196166992     
   4.2399999999999540       -9.8100004196166992     
   4.2499999999999538       -9.8100004196166992     
   4.2599999999999536       -9.8100004196166992     
   4.2699999999999534       -9.8100004196166992     
   4.2799999999999532       -9.8100004196166992     
   4.2899999999999530       -9.8100004196166992     
   4.2999999999999527       -9.8100004196166992     
   4.3099999999999525       -9.8100004196166992     
   4.3199999999999523       -9.8100004196166992     
   4.3299999999999521       -9.8100004196166992     
   4.3399999999999519       -9.8100004196166992     
   4.3499999999999517       -9.8100004196166992     
   4.3599999999999515       -9.8100004196166992     
   4.3699999999999513       -9.8100004196166992     
   4.3799999999999510       -9.8100004196166992     
   4.3899999999999508       -9.8100004196166992     
   4.3999999999999506       -9.8100004196166992     
   4.4099999999999504       -9.8100004196166992     
   4.4199999999999502       -9.8100004196166992     
   4.4299999999999500       -9.8100004196166992     
   4.4399999999999498       -9.8100004196166992     
   4.4499999999999496       -9.8100004196166992     
   4.4599999999999493       -9.8100004196166992     
   4.4699999999999491       -9.8100004196166992     
   4.4799999999999489       -9.8100004196166992     
   4.4899999999999487       -9.8100004196166992     
   4.4999999999999485       -9.8100004196166992     
   4.5099999999999483       -9.8100004196166992     
   4.5199999999999481       -9.8100004196166992     
