   0.0000000000000000        100.00000000000000     
   1.0000000000000000E-002   99.999509499979013     
   2.0000000000000000E-002   99.998037999916065     
   2.9999999999999999E-002   99.995585499811156     
   4.0000000000000001E-002   99.992151999664287     
   5.0000000000000003E-002   99.987737499475458     
   6.0000000000000005E-002   99.982341999244667     
   7.0000000000000007E-002   99.975965498971917     
   8.0000000000000002E-002   99.968607998657205     
   8.9999999999999997E-002   99.960269498300534     
   9.9999999999999992E-002   99.950949997901901     
  0.10999999999999999        99.940649497461308     
  0.11999999999999998        99.929367996978755     
  0.12999999999999998        99.917105496454241     
  0.13999999999999999        99.903861995887752     
  0.14999999999999999        99.889637495279302     
  0.16000000000000000        99.874431994628893     
  0.17000000000000001        99.858245493936522     
  0.18000000000000002        99.841077993202191     
  0.19000000000000003        99.822929492425899     
  0.20000000000000004        99.803799991607647     
  0.21000000000000005        99.783689490747435     
  0.22000000000000006        99.762597989845261     
  0.23000000000000007        99.740525488901127     
  0.24000000000000007        99.717471987915033     
  0.25000000000000006        99.693437486886978     
  0.26000000000000006        99.668421985816963     
  0.27000000000000007        99.642425484704972     
  0.28000000000000008        99.615447983551022     
  0.29000000000000009        99.587489482355110     
  0.30000000000000010        99.558549981117238     
  0.31000000000000011        99.528629479837406     
  0.32000000000000012        99.497727978515613     
  0.33000000000000013        99.465845477151859     
  0.34000000000000014        99.432981975746145     
  0.35000000000000014        99.399137474298470     
  0.36000000000000015        99.364311972808835     
  0.37000000000000016        99.328505471277239     
  0.38000000000000017        99.291717969703683     
  0.39000000000000018        99.253949468088152     
  0.40000000000000019        99.215199966430660     
  0.41000000000000020        99.175469464731208     
  0.42000000000000021        99.134757962989795     
  0.43000000000000022        99.093065461206422     
  0.44000000000000022        99.050391959381088     
  0.45000000000000023        99.006737457513793     
  0.46000000000000024        98.962101955604538     
  0.47000000000000025        98.916485453653323     
  0.48000000000000026        98.869887951660147     
  0.49000000000000027        98.822309449625010     
  0.50000000000000022        98.773749947547913     
  0.51000000000000023        98.724209445428855     
  0.52000000000000024        98.673687943267822     
  0.53000000000000025        98.622185441064829     
  0.54000000000000026        98.569701938819875     
  0.55000000000000027        98.516237436532961     
  0.56000000000000028        98.461791934204086     
  0.57000000000000028        98.406365431833251     
  0.58000000000000029        98.349957929420455     
  0.59000000000000030        98.292569426965699     
  0.60000000000000031        98.234199924468982     
  0.61000000000000032        98.174849421930304     
  0.62000000000000033        98.114517919349666     
  0.63000000000000034        98.053205416727067     
  0.64000000000000035        97.990911914062508     
  0.65000000000000036        97.927637411355974     
  0.66000000000000036        97.863381908607479     
  0.67000000000000037        97.798145405817024     
  0.68000000000000038        97.731927902984609     
  0.69000000000000039        97.664729400110232     
  0.70000000000000040        97.596549897193896     
  0.71000000000000041        97.527389394235598     
  0.72000000000000042        97.457247891235340     
  0.73000000000000043        97.386125388193122     
  0.74000000000000044        97.314021885108943     
  0.75000000000000044        97.240937381982803     
  0.76000000000000045        97.166871878814703     
  0.77000000000000046        97.091825375604643     
  0.78000000000000047        97.015797872352607     
  0.79000000000000048        96.938789369058611     
  0.80000000000000049        96.860799865722655     
  0.81000000000000050        96.781829362344737     
  0.82000000000000051        96.701877858924860     
  0.83000000000000052        96.620945355463022     
  0.84000000000000052        96.539031851959223     
  0.85000000000000053        96.456137348413463     
  0.86000000000000054        96.372261844825744     
  0.87000000000000055        96.287405341196063     
  0.88000000000000056        96.201567837524422     
  0.89000000000000057        96.114749333810821     
  0.90000000000000058        96.026949830055244     
  0.91000000000000059        95.938169326257707     
  0.92000000000000060        95.848407822418210     
  0.93000000000000060        95.757665318536752     
  0.94000000000000061        95.665941814613333     
  0.95000000000000062        95.573237310647954     
  0.96000000000000063        95.479551806640615     
  0.97000000000000064        95.384885302591314     
  0.98000000000000065        95.289237798500054     
  0.99000000000000066        95.192609294366832     
   1.0000000000000007        95.094999790191650     
   1.0100000000000007        94.996409285974508     
   1.0200000000000007        94.896837781715405     
   1.0300000000000007        94.796285277414327     
   1.0400000000000007        94.694751773071289     
   1.0500000000000007        94.592237268686290     
   1.0600000000000007        94.488741764259331     
   1.0700000000000007        94.384265259790411     
   1.0800000000000007        94.278807755279530     
   1.0900000000000007        94.172369250726689     
   1.1000000000000008        94.064949746131887     
   1.1100000000000008        93.956549241495125     
   1.1200000000000008        93.847167736816402     
   1.1300000000000008        93.736805232095719     
   1.1400000000000008        93.625461727333075     
   1.1500000000000008        93.513137222528471     
   1.1600000000000008        93.399831717681892     
   1.1700000000000008        93.285545212793352     
   1.1800000000000008        93.170277707862851     
   1.1900000000000008        93.054029202890391     
   1.2000000000000008        92.936799697875969     
   1.2100000000000009        92.818589192819587     
   1.2200000000000009        92.699397687721245     
   1.2300000000000009        92.579225182580942     
   1.2400000000000009        92.458071677398678     
   1.2500000000000009        92.335937172174454     
   1.2600000000000009        92.212821666908269     
   1.2700000000000009        92.088725161600124     
   1.2800000000000009        91.963647656250004     
   1.2900000000000009        91.837589150857923     
   1.3000000000000009        91.710549645423882     
   1.3100000000000009        91.582529139947880     
   1.3200000000000010        91.453527634429918     
   1.3300000000000010        91.323545128869995     
   1.3400000000000010        91.192581623268111     
   1.3500000000000010        91.060637117624267     
   1.3600000000000010        90.927711611938463     
   1.3700000000000010        90.793805106210698     
   1.3800000000000010        90.658917600440972     
   1.3900000000000010        90.523049094629286     
   1.4000000000000010        90.386199588775639     
   1.4100000000000010        90.248369082880018     
   1.4200000000000010        90.109557576942436     
   1.4300000000000010        89.969765070962893     
   1.4400000000000011        89.828991564941390     
   1.4500000000000011        89.687237058877926     
   1.4600000000000011        89.544501552772502     
   1.4700000000000011        89.400785046625117     
   1.4800000000000011        89.256087540435772     
   1.4900000000000011        89.110409034204466     
   1.5000000000000011        88.963749527931199     
   1.5100000000000011        88.816109021615972     
   1.5200000000000011        88.667487515258784     
   1.5300000000000011        88.517885008859636     
   1.5400000000000011        88.367301502418513     
   1.5500000000000012        88.215736995935430     
   1.5600000000000012        88.063191489410386     
   1.5700000000000012        87.909664982843381     
   1.5800000000000012        87.755157476234416     
   1.5900000000000012        87.599668969583490     
   1.6000000000000012        87.443199462890604     
   1.6100000000000012        87.285748956155757     
   1.6200000000000012        87.127317449378950     
   1.6300000000000012        86.967904942560182     
   1.6400000000000012        86.807511435699453     
   1.6500000000000012        86.646136928796764     
   1.6600000000000013        86.483781421852115     
   1.6700000000000013        86.320444914865490     
   1.6800000000000013        86.156127407836905     
   1.6900000000000013        85.990828900766360     
   1.7000000000000013        85.824549393653854     
   1.7100000000000013        85.657288886499387     
   1.7200000000000013        85.489047379302960     
   1.7300000000000013        85.319824872064572     
   1.7400000000000013        85.149621364784224     
   1.7500000000000013        84.978436857461915     
   1.7600000000000013        84.806271350097646     
   1.7700000000000014        84.633124842691416     
   1.7800000000000014        84.458997335243225     
   1.7900000000000014        84.283888827753060     
   1.8000000000000014        84.107799320220934     
   1.8100000000000014        83.930728812646848     
   1.8200000000000014        83.752677305030801     
   1.8300000000000014        83.573644797372793     
   1.8400000000000014        83.393631289672825     
   1.8500000000000014        83.212636781930897     
   1.8600000000000014        83.030661274147008     
   1.8700000000000014        82.847704766321158     
   1.8800000000000014        82.663767258453348     
   1.8900000000000015        82.478848750543577     
   1.9000000000000015        82.292949242591845     
   1.9100000000000015        82.106068734598153     
   1.9200000000000015        81.918207226562487     
   1.9300000000000015        81.729364718484860     
   1.9400000000000015        81.539541210365272     
   1.9500000000000015        81.348736702203723     
   1.9600000000000015        81.156951194000214     
   1.9700000000000015        80.964184685754745     
   1.9800000000000015        80.770437177467315     
   1.9900000000000015        80.575708669137924     
   2.0000000000000013        80.379999160766573     
   2.0100000000000011        80.183308652353261     
   2.0200000000000009        79.985637143897989     
   2.0300000000000007        79.786984635400756     
   2.0400000000000005        79.587351126861563     
   2.0500000000000003        79.386736618280395     
   2.0600000000000001        79.185141109657266     
   2.0699999999999998        78.982564600992177     
   2.0799999999999996        78.779007092285127     
   2.0899999999999994        78.574468583536117     
   2.0999999999999992        78.368949074745146     
   2.1099999999999990        78.162448565912214     
   2.1199999999999988        77.954967057037322     
   2.1299999999999986        77.746504548120470     
   2.1399999999999983        77.537061039161657     
   2.1499999999999981        77.326636530160883     
   2.1599999999999979        77.115231021118149     
   2.1699999999999977        76.902844512033454     
   2.1799999999999975        76.689477002906784     
   2.1899999999999973        76.475128493738154     
   2.1999999999999971        76.259798984527563     
   2.2099999999999969        76.043488475275012     
   2.2199999999999966        75.826196965980500     
   2.2299999999999964        75.607924456644028     
   2.2399999999999962        75.388670947265595     
   2.2499999999999960        75.168436437845202     
   2.2599999999999958        74.947220928382848     
   2.2699999999999956        74.725024418878533     
   2.2799999999999954        74.501846909332258     
   2.2899999999999952        74.277688399744022     
   2.2999999999999949        74.052548890113826     
   2.3099999999999947        73.826428380441655     
   2.3199999999999945        73.599326870727523     
   2.3299999999999943        73.371244360971431     
   2.3399999999999941        73.142180851173379     
   2.3499999999999939        72.912136341333365     
   2.3599999999999937        72.681110831451392     
   2.3699999999999934        72.449104321527457     
   2.3799999999999932        72.216116811561562     
   2.3899999999999930        71.982148301553707     
   2.3999999999999928        71.747198791503891     
   2.4099999999999926        71.511268281412114     
   2.4199999999999924        71.274356771278377     
   2.4299999999999922        71.036464261102680     
   2.4399999999999920        70.797590750885007     
   2.4499999999999917        70.557736240625374     
   2.4599999999999915        70.316900730323781     
   2.4699999999999913        70.075084219980226     
   2.4799999999999911        69.832286709594712     
   2.4899999999999909        69.588508199167237     
   2.4999999999999907        69.343748688697801     
   2.5099999999999905        69.098008178186404     
   2.5199999999999902        68.851286667633048     
   2.5299999999999900        68.603584157037730     
   2.5399999999999898        68.354900646400452     
   2.5499999999999896        68.105236135721213     
   2.5599999999999894        67.854590625000014     
   2.5699999999999892        67.602964114236840     
   2.5799999999999890        67.350356603431706     
   2.5899999999999888        67.096768092584611     
   2.5999999999999885        66.842198581695556     
   2.6099999999999883        66.586648070764539     
   2.6199999999999881        66.330116559791563     
   2.6299999999999879        66.072604048776626     
   2.6399999999999877        65.814110537719728     
   2.6499999999999875        65.554636026620869     
   2.6599999999999873        65.294180515480051     
   2.6699999999999871        65.032744004297271     
   2.6799999999999868        64.770326493072531     
   2.6899999999999866        64.506927981805831     
   2.6999999999999864        64.242548470497155     
   2.7099999999999862        63.977187959146526     
   2.7199999999999860        63.710846447753937     
   2.7299999999999858        63.443523936319380     
   2.7399999999999856        63.175220424842863     
   2.7499999999999853        62.905935913324385     
   2.7599999999999851        62.635670401763946     
   2.7699999999999849        62.364423890161547     
   2.7799999999999847        62.092196378517187     
   2.7899999999999845        61.818987866830867     
   2.7999999999999843        61.544798355102579     
   2.8099999999999841        61.269627843332330     
   2.8199999999999839        60.993476331520121     
   2.8299999999999836        60.716343819665951     
   2.8399999999999834        60.438230307769821     
   2.8499999999999832        60.159135795831730     
   2.8599999999999830        59.879060283851672     
   2.8699999999999828        59.598003771829653     
   2.8799999999999826        59.315966259765673     
   2.8899999999999824        59.032947747659733     
   2.8999999999999821        58.748948235511833     
   2.9099999999999819        58.463967723321971     
   2.9199999999999817        58.178006211090143     
   2.9299999999999815        57.891063698816353     
   2.9399999999999813        57.603140186500603     
   2.9499999999999811        57.314235674142893     
   2.9599999999999809        57.024350161743222     
   2.9699999999999807        56.733483649301590     
   2.9799999999999804        56.441636136817998     
   2.9899999999999802        56.148807624292438     
   2.9999999999999800        55.854998111724917     
   3.0099999999999798        55.560207599115436     
   3.0199999999999796        55.264436086463995     
   3.0299999999999794        54.967683573770593     
   3.0399999999999792        54.669950061035230     
   3.0499999999999790        54.371235548257900     
   3.0599999999999787        54.071540035438609     
   3.0699999999999785        53.770863522577358     
   3.0799999999999783        53.469206009674146     
   3.0899999999999781        53.166567496728973     
   3.0999999999999779        52.862947983741840     
   3.1099999999999777        52.558347470712746     
   3.1199999999999775        52.252765957641685     
   3.1299999999999772        51.946203444528663     
   3.1399999999999770        51.638659931373681     
   3.1499999999999768        51.330135418176738     
   3.1599999999999766        51.020629904937834     
   3.1699999999999764        50.710143391656970     
   3.1799999999999762        50.398675878334139     
   3.1899999999999760        50.086227364969346     
   3.1999999999999758        49.772797851562594     
   3.2099999999999755        49.458387338113880     
   3.2199999999999753        49.142995824623206     
   3.2299999999999751        48.826623311090572     
   3.2399999999999749        48.509269797515977     
   3.2499999999999747        48.190935283899414     
   3.2599999999999745        47.871619770240891     
   3.2699999999999743        47.551323256540407     
   3.2799999999999740        47.230045742797962     
   3.2899999999999738        46.907787229013557     
   3.2999999999999736        46.584547715187192     
   3.3099999999999734        46.260327201318859     
   3.3199999999999732        45.935125687408565     
   3.3299999999999730        45.608943173456311     
   3.3399999999999728        45.281779659462096     
   3.3499999999999726        44.953635145425920     
   3.3599999999999723        44.624509631347784     
   3.3699999999999721        44.294403117227681     
   3.3799999999999719        43.963315603065617     
   3.3899999999999717        43.631247088861592     
   3.3999999999999715        43.298197574615607     
   3.4099999999999713        42.964167060327661     
   3.4199999999999711        42.629155545997754     
   3.4299999999999708        42.293163031625880     
   3.4399999999999706        41.956189517212046     
   3.4499999999999704        41.618235002756251     
   3.4599999999999702        41.279299488258495     
   3.4699999999999700        40.939382973718779     
   3.4799999999999698        40.598485459137102     
   3.4899999999999696        40.256606944513464     
   3.4999999999999694        39.913747429847859     
   3.5099999999999691        39.569906915140294     
   3.5199999999999689        39.225085400390768     
   3.5299999999999687        38.879282885599281     
   3.5399999999999685        38.532499370765834     
   3.5499999999999683        38.184734855890426     
   3.5599999999999681        37.835989340973050     
   3.5699999999999679        37.486262826013714     
   3.5799999999999677        37.135555311012418     
   3.5899999999999674        36.783866795969161     
   3.5999999999999672        36.431197280883943     
   3.6099999999999670        36.077546765756765     
   3.6199999999999668        35.722915250587619     
   3.6299999999999666        35.367302735376512     
   3.6399999999999664        35.010709220123445     
   3.6499999999999662        34.653134704828418     
   3.6599999999999659        34.294579189491429     
   3.6699999999999657        33.935042674112481     
   3.6799999999999655        33.574525158691571     
   3.6899999999999653        33.213026643228694     
   3.6999999999999651        32.850547127723857     
   3.7099999999999649        32.487086612177059     
   3.7199999999999647        32.122645096588300     
   3.7299999999999645        31.757222580957578     
   3.7399999999999642        31.390819065284894     
   3.7499999999999640        31.023434549570251     
   3.7599999999999638        30.655069033813643     
   3.7699999999999636        30.285722518015074     
   3.7799999999999634        29.915395002174545     
   3.7899999999999632        29.544086486292052     
   3.7999999999999630        29.171796970367598     
   3.8099999999999627        28.798526454401184     
   3.8199999999999625        28.424274938392809     
   3.8299999999999623        28.049042422342470     
   3.8399999999999621        27.672828906250171     
   3.8499999999999619        27.295634390115911     
   3.8599999999999617        26.917458873939687     
   3.8699999999999615        26.538302357721502     
   3.8799999999999613        26.158164841461357     
   3.8899999999999610        25.777046325159247     
   3.8999999999999608        25.394946808815178     
   3.9099999999999606        25.011866292429147     
   3.9199999999999604        24.627804776001152     
   3.9299999999999602        24.242762259531197     
   3.9399999999999600        23.856738743019282     
   3.9499999999999598        23.469734226465402     
   3.9599999999999596        23.081748709869562     
   3.9699999999999593        22.692782193231761     
   3.9799999999999591        22.302834676551996     
   3.9899999999999589        21.911906159830270     
   3.9999999999999587        21.519996643066584     
   4.0099999999999589        21.127106126260934     
   4.0199999999999587        20.733234609413323     
   4.0299999999999585        20.338382092523752     
   4.0399999999999583        19.942548575592216     
   4.0499999999999581        19.545734058618720     
   4.0599999999999579        19.147938541603263     
   4.0699999999999577        18.749162024545846     
   4.0799999999999574        18.349404507446465     
   4.0899999999999572        17.948665990305123     
   4.0999999999999570        17.546946473121821     
   4.1099999999999568        17.144245955896555     
   4.1199999999999566        16.740564438629328     
   4.1299999999999564        16.335901921320140     
   4.1399999999999562        15.930258403968990     
   4.1499999999999559        15.523633886575878     
   4.1599999999999557        15.116028369140803     
   4.1699999999999555        14.707441851663768     
   4.1799999999999553        14.297874334144771     
   4.1899999999999551        13.887325816583811     
   4.1999999999999549        13.475796298980891     
   4.2099999999999547        13.063285781336008     
   4.2199999999999545        12.649794263649163     
   4.2299999999999542        12.235321745920357     
   4.2399999999999540        11.819868228149589     
   4.2499999999999538        11.403433710336859     
   4.2599999999999536        10.986018192482168     
   4.2699999999999534        10.567621674585515     
   4.2799999999999532        10.148244156646902     
   4.2899999999999530        9.7278856386663257     
   4.2999999999999527        9.3065461206437874     
   4.3099999999999525        8.8842256025792885     
   4.3199999999999523        8.4609240844728273     
   4.3299999999999521        8.0366415663244037     
   4.3399999999999519        7.6113780481340196     
   4.3499999999999517        7.1851335299016732     
   4.3599999999999515        6.7579080116273653     
   4.3699999999999513        6.3297014933110960     
   4.3799999999999510        5.9005139749528643     
   4.3899999999999508        5.4703454565526712     
   4.3999999999999506        5.0391959381105167     
   4.4099999999999504        4.6070654196264007     
   4.4199999999999502        4.1739539011003224     
   4.4299999999999500        3.7398613825322826     
   4.4399999999999498        3.3047878639222810     
   4.4499999999999496        2.8687333452703179     
   4.4599999999999493        2.4316978265763929     
   4.4699999999999491        1.9936813078405065     
   4.4799999999999489        1.5546837890626581     
   4.4899999999999487        1.1147052702428482     
   4.4999999999999485       0.67374575138107651     
   4.5099999999999483       0.23180523247734319     
   4.5199999999999481      -0.21111628646835179     
